VoterID,FieldID,Eriksen_Support_Score548813,1 Strong Eriksen,98.57982369407,1 Strong Eriksen,99.2518105961,1 Strong Eriksen,97.06856820295,1 Strong Eriksen,83.07755230032,1 Strong Eriksen,99.59179583313,1 Strong Eriksen,96.74277673245,1 Strong Eriksen,98.29708177439,1 Strong Eriksen,87.84624795728,1 Strong Eriksen,97.48931606401,1 Strong Eriksen,74.22916263908,1 Strong Eriksen,88.32512725265,1 Strong Eriksen,95.56147474324,1 Strong Eriksen,85.61536705612,1 Strong Eriksen,99.11965770875,1 Strong Eriksen,99.59179707160,1 Strong Eriksen,98.29708298186,1 Strong Eriksen,99.59179661229,1 Strong Eriksen,93.24524251404,1 Strong Eriksen,98.88703839286,1 Strong Eriksen,98.75401870501,1 Strong Eriksen,99.2518890590,1 Strong Eriksen,99.59179523950,1 Strong Eriksen,98.99931896412,1 Strong Eriksen,98.11531299503,1 Strong Eriksen,99.72186864472,1 Strong Eriksen,99.61236228443,1 Strong Eriksen,98.7806159395,1 Strong Eriksen,98.16304320984,1 Strong Eriksen,74.45919898785,1 Strong Eriksen,99.11965232136,1 Strong Eriksen,95.69095507887,1 Strong Eriksen,99.2518375475,1 Strong Eriksen,99.59179107162,1 Strong Eriksen,98.3896500761,1 Strong Eriksen,98.99931267587,1 Strong Eriksen,99.72186675995,1 Strong Eriksen,98.65592397550,1 Strong Eriksen,91.88557407014,1 Strong Eriksen,99.403807529,1 Strong Eriksen,98.02551609604,1 Strong Eriksen,99.59179274625,1 Strong Eriksen,99.34641447684,1 Strong Eriksen,98.67853174479,1 Strong Eriksen,96.65293191152,1 Strong Eriksen,98.57982650756,1 Strong Eriksen,98.20575813190,1 Strong Eriksen,89.69075444811,1 Strong Eriksen,80.8624174418,1 Strong Eriksen,96.54455494558,1 Strong Eriksen,99.54659597812,1 Strong Eriksen,98.7806279068,1 Strong Eriksen,99.403620142,1 Strong Eriksen,98.88703839260,1 Strong Eriksen,84.23244412673,1 Strong Eriksen,93.62803733296,1 Strong Eriksen,95.15892131478,1 Strong Eriksen,98.67853557762,1 Strong Eriksen,96.44313728819,1 Strong Eriksen,91.60274202350,1 Strong Eriksen,99.59179280016,1 Strong Eriksen,86.45827479686,1 Strong Eriksen,96.12833759167,1 Strong Eriksen,98.29708747434,1 Strong Eriksen,99.2518519931,1 Strong Eriksen,98.7806321615,1 Strong Eriksen,98.4837693145,1 Strong Eriksen,99.37449274521,1 Strong Eriksen,99.11965581497,1 Strong Eriksen,99.4295341138,1 Strong Eriksen,98.67853533552,1 Strong Eriksen,99.11965672732,1 Strong Eriksen,97.85373190489,1 Strong Eriksen,69.9218197954,1 Strong Eriksen,98.88703619427,1 Strong Eriksen,79.88791534301,1 Strong Eriksen,81.79118528513,1 Strong Eriksen,97.66864668379,1 Strong Eriksen,90.874115343,1 Strong Eriksen,97.84697160187,1 Strong Eriksen,98.99931254984,1 Strong Eriksen,82.99738884259,1 Strong Eriksen,88.38185868323,1 Strong Eriksen,88.51994703606,1 Strong Eriksen,95.88605227035,1 Strong Eriksen,93.41452762194,1 Strong Eriksen,96.54455276200,1 Strong Eriksen,98.87992342417,1 Strong Eriksen,87.97269113859,1 Strong Eriksen,89.36135661779,1 Strong Eriksen,99.59179116082,1 Strong Eriksen,77.21777726712,1 Strong Eriksen,92.52349323567,1 Strong Eriksen,98.99931113102,1 Strong Eriksen,99.59179594631,1 Strong Eriksen,99.72186240117,1 Strong Eriksen,99.13617230596,1 Strong Eriksen,94.65006231406,1 Strong Eriksen,98.7806430856,1 Strong Eriksen,99.59179267220,1 Strong Eriksen,99.42051533426,1 Strong Eriksen,99.59179177141,1 Strong Eriksen,75.78759806961,1 Strong Eriksen,99.01998526363,1 Strong Eriksen,99.403576697,1 Strong Eriksen,99.38904532814,1 Strong Eriksen,98.53866334569,1 Strong Eriksen,99.59179525225,1 Strong Eriksen,99.403623986,1 Strong Eriksen,98.99931206172,1 Strong Eriksen,62.3179650041,1 Strong Eriksen,87.45957467608,1 Strong Eriksen,98.20575803567,1 Strong Eriksen,97.99736735514,1 Strong Eriksen,99.59179480507,1 Strong Eriksen,98.99931592448,1 Strong Eriksen,99.59179776288,1 Strong Eriksen,98.4837182771,1 Strong Eriksen,99.59179284527,1 Strong Eriksen,97.93812195793,1 Strong Eriksen,87.35115270858,1 Strong Eriksen,92.85603270974,1 Strong Eriksen,69.9342724871,1 Strong Eriksen,97.30795811695,1 Strong Eriksen,96.60721262942,1 Strong Eriksen,98.88703456608,1 Strong Eriksen,86.1047734768,1 Strong Eriksen,98.7806129796,1 Strong Eriksen,99.11965459154,1 Strong Eriksen,87.31534534821,1 Strong Eriksen,98.99931632512,1 Strong Eriksen,96.68607144938,1 Strong Eriksen,98.57982884487,1 Strong Eriksen,97.66864309693,1 Strong Eriksen,89.92245730758,1 Strong Eriksen,99.2518295733,1 Strong Eriksen,99.43539464302,1 Strong Eriksen,99.11965495199,1 Strong Eriksen,99.59179714912,1 Strong Eriksen,99.59179190840,1 Strong Eriksen,97.45615874321,1 Strong Eriksen,97.75786818620,1 Strong Eriksen,74.5451305659,1 Strong Eriksen,99.11965526687,1 Strong Eriksen,99.59179646052,1 Strong Eriksen,94.79049373563,1 Strong Eriksen,99.4295604077,1 Strong Eriksen,95.67965268245,1 Strong Eriksen,97.10371499880,1 Strong Eriksen,99.59179512422,1 Strong Eriksen,98.20575325041,1 Strong Eriksen,98.99931377909,1 Strong Eriksen,74.84966310739,1 Strong Eriksen,98.02551812740,1 Strong Eriksen,98.29708577114,1 Strong Eriksen,99.59179372265,1 Strong Eriksen,99.59179699042,1 Strong Eriksen,96.17465195405,1 Strong Eriksen,96.44313410195,1 Strong Eriksen,99.59179505020,1 Strong Eriksen,97.30795404939,1 Strong Eriksen,94.87596390146,1 Strong Eriksen,99.59179318231,1 Strong Eriksen,77.93925769838,1 Strong Eriksen,98.98922672555,1 Strong Eriksen,89.88425778076,1 Strong Eriksen,85.00735195413,1 Strong Eriksen,99.61236510024,1 Strong Eriksen,98.31121133170,1 Strong Eriksen,99.2518475462,1 Strong Eriksen,99.59179392874,1 Strong Eriksen,99.59179309939,1 Strong Eriksen,99.59179835370,1 Strong Eriksen,98.29708716044,1 Strong Eriksen,91.02021581691,1 Strong Eriksen,96.00063625385,1 Strong Eriksen,98.99931829225,1 Strong Eriksen,97.93613498337,1 Strong Eriksen,97.84697874386,1 Strong Eriksen,94.9272699286,1 Strong Eriksen,39.24707466245,1 Strong Eriksen,99.4295899841,1 Strong Eriksen,97.57916443284,1 Strong Eriksen,99.403892745,1 Strong Eriksen,99.4211820885,1 Strong Eriksen,98.88703362138,1 Strong Eriksen,92.98661714874,1 Strong Eriksen,98.99931163559,1 Strong Eriksen,99.2518518466,1 Strong Eriksen,80.37473689530,1 Strong Eriksen,98.20575842735,1 Strong Eriksen,99.62188407231,1 Strong Eriksen,99.59179368373,1 Strong Eriksen,58.65016870543,1 Strong Eriksen,99.59179431589,1 Strong Eriksen,99.44782158836,1 Strong Eriksen,98.4837848307,1 Strong Eriksen,98.11531459536,1 Strong Eriksen,95.44061666143,1 Strong Eriksen,86.64829515065,1 Strong Eriksen,97.01125285921,1 Strong Eriksen,90.38454523438,1 Strong Eriksen,98.99931480264,1 Strong Eriksen,99.403260422,1 Strong Eriksen,97.66864512753,1 Strong Eriksen,86.03312694448,1 Strong Eriksen,96.10464554959,1 Strong Eriksen,98.02551447432,1 Strong Eriksen,89.48905487425,1 Strong Eriksen,99.59179870798,1 Strong Eriksen,97.75786679608,1 Strong Eriksen,95.31691421444,1 Strong Eriksen,99.11965724094,1 Strong Eriksen,98.67853654781,1 Strong Eriksen,99.59179814584,1 Strong Eriksen,99.27895494745,1 Strong Eriksen,98.57982801527,1 Strong Eriksen,96.44313521941,1 Strong Eriksen,91.37285641835,1 Strong Eriksen,98.88703839894,1 Strong Eriksen,92.94274442041,1 Strong Eriksen,49.10646725941,1 Strong Eriksen,98.67853498518,1 Strong Eriksen,98.3896681584,1 Strong Eriksen,92.70694497515,1 Strong Eriksen,98.02551874251,1 Strong Eriksen,94.55592142747,1 Strong Eriksen,96.53978386387,1 Strong Eriksen,99.2518542980,1 Strong Eriksen,99.2518584631,1 Strong Eriksen,99.403394824,1 Strong Eriksen,99.403279729,1 Strong Eriksen,99.72186528517,1 Strong Eriksen,99.403585988,1 Strong Eriksen,99.59179452679,1 Strong Eriksen,98.69562171091,1 Strong Eriksen,99.59179738806,1 Strong Eriksen,99.59179659092,1 Strong Eriksen,98.88703483335,1 Strong Eriksen,97.48931831071,1 Strong Eriksen,99.2518537727,1 Strong Eriksen,95.44061744314,1 Strong Eriksen,99.2518561892,1 Strong Eriksen,98.99931789803,1 Strong Eriksen,81.80074824278,1 Strong Eriksen,92.10077874168,1 Strong Eriksen,99.72186602037,1 Strong Eriksen,99.61236683475,1 Strong Eriksen,98.57982326645,1 Strong Eriksen,98.56546340205,1 Strong Eriksen,99.11965642749,1 Strong Eriksen,97.23498532191,1 Strong Eriksen,99.403748713,1 Strong Eriksen,96.6444416585,1 Strong Eriksen,99.59179442586,1 Strong Eriksen,98.7806131657,1 Strong Eriksen,99.2518197700,1 Strong Eriksen,98.38599388106,1 Strong Eriksen,98.4837828636,1 Strong Eriksen,97.61659899661,1 Strong Eriksen,97.57916318800,1 Strong Eriksen,98.05214432387,1 Strong Eriksen,88.0521322622,1 Strong Eriksen,98.88703618142,1 Strong Eriksen,92.47453393563,1 Strong Eriksen,71.11911684201,1 Strong Eriksen,90.28011827480,1 Strong Eriksen,85.45958659466,1 Strong Eriksen,99.59179578366,1 Strong Eriksen,99.27767254326,1 Strong Eriksen,95.55349736424,1 Strong Eriksen,97.84697732781,1 Strong Eriksen,98.29708323727,1 Strong Eriksen,99.59179251455,1 Strong Eriksen,96.34003294867,1 Strong Eriksen,99.59179887170,1 Strong Eriksen,98.3896655580,1 Strong Eriksen,94.9272692564,1 Strong Eriksen,99.59179898112,1 Strong Eriksen,99.4295202049,1 Strong Eriksen,98.02551586627,1 Strong Eriksen,98.88703170958,1 Strong Eriksen,52.28378125781,1 Strong Eriksen,96.6444356914,1 Strong Eriksen,97.4841110803,1 Strong Eriksen,99.2518824010,1 Strong Eriksen,90.29408830715,1 Strong Eriksen,98.99931880903,1 Strong Eriksen,94.20427888889,1 Strong Eriksen,78.58847613920,1 Strong Eriksen,96.6444143516,1 Strong Eriksen,99.72186685831,1 Strong Eriksen,99.2518455818,1 Strong Eriksen,99.11965705350,1 Strong Eriksen,78.56192390928,1 Strong Eriksen,99.11965844775,1 Strong Eriksen,85.99123681603,1 Strong Eriksen,86.44028664177,1 Strong Eriksen,99.2518139151,1 Strong Eriksen,97.18407124632,1 Strong Eriksen,90.83302295235,1 Strong Eriksen,99.21896423874,1 Strong Eriksen,99.403518774,1 Strong Eriksen,95.24964419734,1 Strong Eriksen,97.10999358025,1 Strong Eriksen,99.2518547389,1 Strong Eriksen,98.11531251472,1 Strong Eriksen,88.68887317287,1 Strong Eriksen,97.84697484631,1 Strong Eriksen,98.4837417374,1 Strong Eriksen,99.05896430829,1 Strong Eriksen,97.84697524340,1 Strong Eriksen,98.88703806259,1 Strong Eriksen,99.2518166097,1 Strong Eriksen,97.75786281678,1 Strong Eriksen,97.93613262793,1 Strong Eriksen,98.67853137524,1 Strong Eriksen,99.4295752892,1 Strong Eriksen,86.30578307293,1 Strong Eriksen,99.403535373,1 Strong Eriksen,99.4295385893,1 Strong Eriksen,58.23053465695,1 Strong Eriksen,99.22406720884,1 Strong Eriksen,92.82378475981,1 Strong Eriksen,99.59179726682,1 Strong Eriksen,99.2518549236,1 Strong Eriksen,23.68603535559,1 Strong Eriksen,99.59179765780,1 Strong Eriksen,97.13313350649,1 Strong Eriksen,98.57982599163,1 Strong Eriksen,92.29958580806,1 Strong Eriksen,96.83978695968,1 Strong Eriksen,93.54742251705,1 Strong Eriksen,99.59179131486,1 Strong Eriksen,97.30795304805,1 Strong Eriksen,99.403514136,1 Strong Eriksen,85.19315222558,1 Strong Eriksen,97.06918584973,1 Strong Eriksen,96.85887710039,1 Strong Eriksen,99.403664376,1 Strong Eriksen,96.74277732651,1 Strong Eriksen,99.59179711987,1 Strong Eriksen,99.59179734884,1 Strong Eriksen,99.59179408328,1 Strong Eriksen,98.7806628780,1 Strong Eriksen,92.78879878193,1 Strong Eriksen,95.81429306725,1 Strong Eriksen,77.69468792788,1 Strong Eriksen,97.84697639222,1 Strong Eriksen,97.26316707484,1 Strong Eriksen,98.67853172415,1 Strong Eriksen,98.6481302770,1 Strong Eriksen,96.37854707031,1 Strong Eriksen,96.44313616166,1 Strong Eriksen,99.44116219041,1 Strong Eriksen,99.403579812,1 Strong Eriksen,97.49605107716,1 Strong Eriksen,98.41916823078,1 Strong Eriksen,(null)320889,1 Strong Eriksen,97.12364708364,1 Strong Eriksen,99.403127815,1 Strong Eriksen,99.31727209847,1 Strong Eriksen,99.2518277879,1 Strong Eriksen,98.05762470212,1 Strong Eriksen,98.7806657095,1 Strong Eriksen,86.94917690303,1 Strong Eriksen,99.59179199655,1 Strong Eriksen,99.59179433003,1 Strong Eriksen,99.59179406207,1 Strong Eriksen,98.73504728662,1 Strong Eriksen,61.03978778900,1 Strong Eriksen,97.30795369436,1 Strong Eriksen,77.96769205436,1 Strong Eriksen,99.59179848888,1 Strong Eriksen,79.77549526668,1 Strong Eriksen,95.79529274762,1 Strong Eriksen,88.11043701402,1 Strong Eriksen,99.403625562,1 Strong Eriksen,99.05896850387,1 Strong Eriksen,92.03309678315,1 Strong Eriksen,98.57982195989,1 Strong Eriksen,98.4837285713,1 Strong Eriksen,96.44313731594,1 Strong Eriksen,85.52116695572,1 Strong Eriksen,98.20575354122,1 Strong Eriksen,84.214489357,1 Strong Eriksen,98.99931668182,1 Strong Eriksen,99.59179109725,1 Strong Eriksen,99.59179698231,1 Strong Eriksen,94.20427754364,1 Strong Eriksen,94.60387150635,1 Strong Eriksen,97.57916298333,1 Strong Eriksen,99.59179219856,1 Strong Eriksen,99.403584453,1 Strong Eriksen,99.403802811,1 Strong Eriksen,67.92581324482,1 Strong Eriksen,98.99931456451,1 Strong Eriksen,98.57982151787,1 Strong Eriksen,99.72186329167,1 Strong Eriksen,75.1015663041,1 Strong Eriksen,98.14736207405,1 Strong Eriksen,98.88703244835,1 Strong Eriksen,98.88703775255,1 Strong Eriksen,99.59179470593,1 Strong Eriksen,77.01907111141,1 Strong Eriksen,99.41885325125,1 Strong Eriksen,97.81143419364,1 Strong Eriksen,99.40842169093,1 Strong Eriksen,95.554634816,1 Strong Eriksen,97.12364324687,1 Strong Eriksen,94.81664345174,1 Strong Eriksen,99.11965527933,1 Strong Eriksen,99.4295113227,1 Strong Eriksen,98.3896735831,1 Strong Eriksen,98.7806323932,1 Strong Eriksen,74.58675260556,1 Strong Eriksen,99.403427490,1 Strong Eriksen,95.61611252234,1 Strong Eriksen,99.2518656496,1 Strong Eriksen,98.88703507619,1 Strong Eriksen,96.93553488573,1 Strong Eriksen,95.57242661312,1 Strong Eriksen,99.59179242083,1 Strong Eriksen,97.03011667069,1 Strong Eriksen,97.39894731489,1 Strong Eriksen,83.0412749552,1 Strong Eriksen,92.79401175032,1 Strong Eriksen,99.403278087,1 Strong Eriksen,89.43903291253,1 Strong Eriksen,62.45922869121,1 Strong Eriksen,99.403876319,1 Strong Eriksen,97.02867810062,1 Strong Eriksen,99.403522502,1 Strong Eriksen,97.21622203468,1 Strong Eriksen,98.3896109348,1 Strong Eriksen,99.59179428984,1 Strong Eriksen,88.49863141730,1 Strong Eriksen,99.33678400785,1 Strong Eriksen,99.59179468651,1 Strong Eriksen,98.3896771303,1 Strong Eriksen,99.403205136,1 Strong Eriksen,99.59179711230,1 Strong Eriksen,99.09978418933,1 Strong Eriksen,79.77549165968,1 Strong Eriksen,99.3158120355,1 Strong Eriksen,98.78219279625,1 Strong Eriksen,77.2735458243,1 Strong Eriksen,94.51401565577,1 Strong Eriksen,97.57916854203,1 Strong Eriksen,98.67853261302,1 Strong Eriksen,99.59179653027,1 Strong Eriksen,99.59179782615,1 Strong Eriksen,99.59179503502,1 Strong Eriksen,73.65483371904,1 Strong Eriksen,99.65778726828,1 Strong Eriksen,97.02007273201,1 Strong Eriksen,87.86739331030,1 Strong Eriksen,99.11965369238,1 Strong Eriksen,94.07711625908,1 Strong Eriksen,98.3896751159,1 Strong Eriksen,96.54455714329,1 Strong Eriksen,98.7806605614,1 Strong Eriksen,98.20575635359,1 Strong Eriksen,56.0194349783,1 Strong Eriksen,98.7806586776,1 Strong Eriksen,98.4837770817,1 Strong Eriksen,99.403546346,1 Strong Eriksen,97.41229873523,1 Strong Eriksen,88.99031110778,1 Strong Eriksen,56.66733141469,1 Strong Eriksen,96.8941455241,1 Strong Eriksen,99.59179745327,1 Strong Eriksen,68.61452777638,1 Strong Eriksen,99.31727179538,1 Strong Eriksen,97.26692767065,1 Strong Eriksen,99.48888510767,1 Strong Eriksen,92.67165371741,1 Strong Eriksen,87.5292353710,1 Strong Eriksen,99.59179390662,1 Strong Eriksen,72.42628670977,1 Strong Eriksen,98.99931112115,1 Strong Eriksen,98.11531580353,1 Strong Eriksen,98.91043307270,1 Strong Eriksen,98.29708210960,1 Strong Eriksen,98.3896300391,1 Strong Eriksen,99.11965288618,1 Strong Eriksen,93.8732488873,1 Strong Eriksen,92.25854878391,1 Strong Eriksen,56.47258150166,1 Strong Eriksen,97.21622595821,1 Strong Eriksen,99.59179891828,1 Strong Eriksen,79.22148831407,1 Strong Eriksen,87.19142358927,1 Strong Eriksen,59.79616487236,1 Strong Eriksen,97.32691340051,1 Strong Eriksen,94.73885800381,1 Strong Eriksen,98.3896775700,1 Strong Eriksen,97.66864727013,1 Strong Eriksen,98.27977697532,1 Strong Eriksen,85.57461438646,1 Strong Eriksen,98.99931510465,1 Strong Eriksen,80.08636508786,1 Strong Eriksen,96.93553832275,1 Strong Eriksen,99.59179843541,1 Strong Eriksen,99.59179738829,1 Strong Eriksen,98.88703250617,1 Strong Eriksen,98.52977673186,1 Strong Eriksen,98.7806372341,1 Strong Eriksen,98.86712370426,1 Strong Eriksen,98.33471381445,1 Strong Eriksen,57.35675305593,1 Strong Eriksen,99.2518187275,1 Strong Eriksen,74.72311318302,1 Strong Eriksen,98.99931174803,1 Strong Eriksen,99.403530865,1 Strong Eriksen,95.19022619740,1 Strong Eriksen,98.57982847117,1 Strong Eriksen,98.57982749545,1 Strong Eriksen,93.73109865001,1 Strong Eriksen,99.11965232226,1 Strong Eriksen,99.11965192885,1 Strong Eriksen,99.59179496922,1 Strong Eriksen,94.5057173805,1 Strong Eriksen,99.49915216307,1 Strong Eriksen,96.19099676752,1 Strong Eriksen,91.33304328325,1 Strong Eriksen,95.86265800509,1 Strong Eriksen,91.86987286015,1 Strong Eriksen,99.2518530880,1 Strong Eriksen,85.19833605385,1 Strong Eriksen,98.57982727764,1 Strong Eriksen,99.59179548881,1 Strong Eriksen,98.06479242242,1 Strong Eriksen,95.44061578574,1 Strong Eriksen,99.59179419146,1 Strong Eriksen,99.59179810440,1 Strong Eriksen,98.4837278920,1 Strong Eriksen,88.19976189532,1 Strong Eriksen,94.5057834737,1 Strong Eriksen,98.7806545976,1 Strong Eriksen,90.24631472862,1 Strong Eriksen,99.2518112736,1 Strong Eriksen,99.403674343,1 Strong Eriksen,99.403678214,1 Strong Eriksen,98.02551196399,1 Strong Eriksen,66.75759542704,1 Strong Eriksen,98.99931454225,1 Strong Eriksen,48.00874897162,1 Strong Eriksen,99.403756722,1 Strong Eriksen,98.57982238525,1 Strong Eriksen,99.30411179087,1 Strong Eriksen,93.35136632410,1 Strong Eriksen,(null)807275,1 Strong Eriksen,98.7806333163,1 Strong Eriksen,(null)533030,1 Strong Eriksen,99.59179317517,1 Strong Eriksen,99.59179753831,1 Strong Eriksen,91.97331169559,1 Strong Eriksen,93.71631394192,1 Strong Eriksen,86.7566357582,1 Strong Eriksen,98.77679419964,1 Strong Eriksen,97.41795218476,1 Strong Eriksen,98.99931213635,1 Strong Eriksen,98.4361100288,1 Strong Eriksen,95.31691461459,1 Strong Eriksen,99.59179449447,1 Strong Eriksen,99.2518295871,1 Strong Eriksen,98.88703549063,1 Strong Eriksen,95.90854814866,1 Strong Eriksen,96.74277556050,1 Strong Eriksen,89.35782361243,1 Strong Eriksen,99.59179515048,1 Strong Eriksen,97.39894369805,1 Strong Eriksen,99.59179795445,1 Strong Eriksen,95.19022851927,1 Strong Eriksen,97.39505514298,1 Strong Eriksen,86.63188535979,1 Strong Eriksen,93.20037435718,1 Strong Eriksen,90.5842238778,1 Strong Eriksen,96.31354786994,1 Strong Eriksen,98.11531726487,1 Strong Eriksen,99.59179465336,1 Strong Eriksen,99.59179769403,1 Strong Eriksen,96.74277691274,1 Strong Eriksen,97.57916706580,1 Strong Eriksen,98.99931652750,1 Strong Eriksen,99.2518354218,1 Strong Eriksen,92.14279107628,1 Strong Eriksen,99.59179147150,1 Strong Eriksen,93.79268626095,1 Strong Eriksen,98.7806408743,1 Strong Eriksen,99.59179802299,1 Strong Eriksen,98.02551521411,1 Strong Eriksen,99.72186164997,1 Strong Eriksen,90.3177489941,1 Strong Eriksen,99.59179192144,1 Strong Eriksen,98.57982301434,1 Strong Eriksen,99.48503593206,1 Strong Eriksen,90.99115613698,1 Strong Eriksen,96.68716843590,1 Strong Eriksen,86.40327428573,1 Strong Eriksen,56.74237367682,1 Strong Eriksen,55.55561567655,1 Strong Eriksen,96.73779869482,1 Strong Eriksen,99.65778665081,1 Strong Eriksen,98.88703230887,1 Strong Eriksen,92.68971342773,1 Strong Eriksen,98.88703552252,1 Strong Eriksen,96.01951267277,1 Strong Eriksen,97.93613713066,1 Strong Eriksen,98.88703435837,1 Strong Eriksen,99.403845166,1 Strong Eriksen,99.4295766159,1 Strong Eriksen,99.59179505897,1 Strong Eriksen,90.42198272904,1 Strong Eriksen,99.31727110816,1 Strong Eriksen,98.88703712034,1 Strong Eriksen,99.59179486896,1 Strong Eriksen,94.43044651533,1 Strong Eriksen,96.93553624123,1 Strong Eriksen,92.9465446979,1 Strong Eriksen,93.28799444691,1 Strong Eriksen,99.59179164563,1 Strong Eriksen,98.11531157685,1 Strong Eriksen,92.97057785094,1 Strong Eriksen,97.93613521141,1 Strong Eriksen,99.59179586873,1 Strong Eriksen,98.29708606759,1 Strong Eriksen,78.39381750250,1 Strong Eriksen,97.12364282919,1 Strong Eriksen,96.44313210111,1 Strong Eriksen,98.77123704353,1 Strong Eriksen,98.7806184889,1 Strong Eriksen,98.88703300261,1 Strong Eriksen,98.85241161568,1 Strong Eriksen,99.59179147518,1 Strong Eriksen,92.95418546591,1 Strong Eriksen,43.46484680921,1 Strong Eriksen,99.06634621959,1 Strong Eriksen,82.61839536775,1 Strong Eriksen,88.15207620513,1 Strong Eriksen,98.67853545912,1 Strong Eriksen,99.59179764876,1 Strong Eriksen,99.2518883161,1 Strong Eriksen,75.78447362716,1 Strong Eriksen,94.0467522521,1 Strong Eriksen,87.12704845994,1 Strong Eriksen,99.26589267354,1 Strong Eriksen,97.91669739960,1 Strong Eriksen,74.09128100156,1 Strong Eriksen,99.403829103,1 Strong Eriksen,99.2518464175,1 Strong Eriksen,86.15187865402,1 Strong Eriksen,99.46436107072,1 Strong Eriksen,88.55611509070,1 Strong Eriksen,98.99931836215,1 Strong Eriksen,99.62695327536,1 Strong Eriksen,98.99931197187,1 Strong Eriksen,99.403839878,1 Strong Eriksen,83.72301305197,1 Strong Eriksen,98.67853197188,1 Strong Eriksen,98.99931367770,1 Strong Eriksen,94.39518403683,1 Strong Eriksen,95.86175545729,1 Strong Eriksen,98.3896514956,1 Strong Eriksen,98.99931899879,1 Strong Eriksen,98.88703288939,1 Strong Eriksen,99.59179643107,1 Strong Eriksen,99.59179789035,1 Strong Eriksen,96.18285667048,1 Strong Eriksen,95.90854523712,1 Strong Eriksen,95.65649349519,1 Strong Eriksen,98.57982437245,1 Strong Eriksen,93.11437430584,1 Strong Eriksen,96.47169519239,1 Strong Eriksen,98.7806120826,1 Strong Eriksen,98.88703373535,1 Strong Eriksen,99.59179412881,1 Strong Eriksen,98.7806415465,1 Strong Eriksen,98.20575356405,1 Strong Eriksen,98.38884131412,1 Strong Eriksen,98.83047640219,1 Strong Eriksen,99.72186762884,1 Strong Eriksen,93.36405386944,1 Strong Eriksen,85.52116880299,1 Strong Eriksen,78.56192824784,1 Strong Eriksen,99.4295530921,1 Strong Eriksen,99.59179442310,1 Strong Eriksen,58.87891823853,1 Strong Eriksen,99.67801386248,1 Strong Eriksen,96.53333374268,1 Strong Eriksen,96.93553293456,1 Strong Eriksen,93.36405204952,1 Strong Eriksen,98.11531332127,1 Strong Eriksen,99.2518617772,1 Strong Eriksen,94.62139833258,1 Strong Eriksen,99.39758764367,1 Strong Eriksen,98.3896261700,1 Strong Eriksen,98.99931148262,1 Strong Eriksen,98.3896477795,1 Strong Eriksen,99.39137524247,1 Strong Eriksen,98.7806457301,1 Strong Eriksen,99.59179858650,1 Strong Eriksen,98.4837789726,1 Strong Eriksen,98.3896595563,1 Strong Eriksen,81.44186446258,1 Strong Eriksen,86.9393326546,1 Strong Eriksen,98.99931772428,1 Strong Eriksen,88.57442150195,1 Strong Eriksen,91.67962694150,1 Strong Eriksen,98.57982679094,1 Strong Eriksen,79.59261114319,1 Strong Eriksen,97.48931590051,1 Strong Eriksen,87.1561344054,1 Strong Eriksen,95.29415509495,1 Strong Eriksen,98.3896391887,1 Strong Eriksen,97.84697122047,1 Strong Eriksen,99.59179135535,1 Strong Eriksen,91.44625640273,1 Strong Eriksen,98.29708379271,1 Strong Eriksen,94.71706385475,1 Strong Eriksen,99.59179840443,1 Strong Eriksen,98.20575311987,1 Strong Eriksen,99.59179454951,1 Strong Eriksen,96.29895207013,1 Strong Eriksen,99.59179428834,1 Strong Eriksen,98.29708288885,1 Strong Eriksen,98.21215645921,1 Strong Eriksen,98.99931598364,1 Strong Eriksen,98.99931199931,1 Strong Eriksen,99.59179621740,1 Strong Eriksen,84.81675553891,1 Strong Eriksen,98.45057142968,1 Strong Eriksen,96.61414454043,1 Strong Eriksen,99.40811631683,1 Strong Eriksen,47.06418654916,1 Strong Eriksen,99.59179279410,1 Strong Eriksen,98.3896405322,1 Strong Eriksen,96.83978156791,1 Strong Eriksen,97.93613625493,1 Strong Eriksen,99.403691025,1 Strong Eriksen,94.5057195239,1 Strong Eriksen,98.57982825279,1 Strong Eriksen,68.71848201744,1 Strong Eriksen,92.58082302675,1 Strong Eriksen,99.59179123204,1 Strong Eriksen,98.99931446479,1 Strong Eriksen,96.74277481130,1 Strong Eriksen,99.59179368391,1 Strong Eriksen,98.88703296495,1 Strong Eriksen,99.29283212503,1 Strong Eriksen,98.4837134683,1 Strong Eriksen,98.88703266365,1 Strong Eriksen,99.20535628487,1 Strong Eriksen,92.81813334152,1 Strong Eriksen,99.59179601512,1 Strong Eriksen,99.2518750150,1 Strong Eriksen,94.35719280675,1 Strong Eriksen,98.57156606320,1 Strong Eriksen,99.59179106745,1 Strong Eriksen,99.2518465413,1 Strong Eriksen,99.26678602009,1 Strong Eriksen,99.59179681570,1 Strong Eriksen,91.27668729377,1 Strong Eriksen,98.33535562503,1 Strong Eriksen,98.67853859239,1 Strong Eriksen,92.90366894177,1 Strong Eriksen,99.67252587424,1 Strong Eriksen,99.59179351599,1 Strong Eriksen,57.14914171081,1 Strong Eriksen,97.30795451608,1 Strong Eriksen,86.64059712436,1 Strong Eriksen,85.01609887492,1 Strong Eriksen,75.78447415702,1 Strong Eriksen,98.02551166797,1 Strong Eriksen,98.11531820507,1 Strong Eriksen,69.11688775932,1 Strong Eriksen,99.59179668567,1 Strong Eriksen,99.403514439,1 Strong Eriksen,98.20575874567,1 Strong Eriksen,98.3896443311,1 Strong Eriksen,98.11531477718,1 Strong Eriksen,97.03011491055,1 Strong Eriksen,99.2518751659,1 Strong Eriksen,99.403184229,1 Strong Eriksen,98.68343528354,1 Strong Eriksen,99.2518436764,1 Strong Eriksen,94.71297664414,1 Strong Eriksen,92.25598865796,1 Strong Eriksen,55.87796813400,1 Strong Eriksen,69.91128361223,1 Strong Eriksen,94.76113612821,1 Strong Eriksen,95.36201727115,1 Strong Eriksen,97.89143287487,1 Strong Eriksen,98.4837538053,1 Strong Eriksen,99.403562479,1 Strong Eriksen,56.2049352927,1 Strong Eriksen,97.93613418202,1 Strong Eriksen,99.403769216,1 Strong Eriksen,99.59179312544,1 Strong Eriksen,97.84697832707,1 Strong Eriksen,98.57982615835,1 Strong Eriksen,99.42415569393,1 Strong Eriksen,95.06038770954,1 Strong Eriksen,74.08766566755,1 Strong Eriksen,94.04701247318,1 Strong Eriksen,96.74277329773,1 Strong Eriksen,93.27731714126,1 Strong Eriksen,98.99931869217,1 Strong Eriksen,81.27374294339,1 Strong Eriksen,99.2518226768,1 Strong Eriksen,78.37217483558,1 Strong Eriksen,99.11965546238,1 Strong Eriksen,98.57982591985,1 Strong Eriksen,99.2518725003,1 Strong Eriksen,99.2518212340,1 Strong Eriksen,99.22406888177,1 Strong Eriksen,99.59179637688,1 Strong Eriksen,98.20575390794,1 Strong Eriksen,95.57049194428,1 Strong Eriksen,99.59179754992,1 Strong Eriksen,99.11965619213,1 Strong Eriksen,99.72186537194,1 Strong Eriksen,83.84129299664,1 Strong Eriksen,99.62666569436,1 Strong Eriksen,99.59179372807,1 Strong Eriksen,80.52676767698,1 Strong Eriksen,99.05896673935,1 Strong Eriksen,97.13611127487,1 Strong Eriksen,99.49915446874,1 Strong Eriksen,98.88703145561,1 Strong Eriksen,99.403423519,1 Strong Eriksen,99.59179840779,1 Strong Eriksen,98.99931119943,1 Strong Eriksen,99.72186664030,1 Strong Eriksen,99.403138849,1 Strong Eriksen,99.59179833801,1 Strong Eriksen,98.96926566761,1 Strong Eriksen,99.58796250027,1 Strong Eriksen,98.88703551212,1 Strong Eriksen,99.45529588506,1 Strong Eriksen,81.72504688042,1 Strong Eriksen,99.403129841,1 Strong Eriksen,96.93553210654,1 Strong Eriksen,99.27895502517,1 Strong Eriksen,99.403464271,1 Strong Eriksen,97.75786177502,1 Strong Eriksen,98.67853458807,1 Strong Eriksen,97.84697730257,1 Strong Eriksen,89.62419623130,1 Strong Eriksen,99.0698131470,1 Strong Eriksen,97.21622602828,1 Strong Eriksen,51.5306675308,1 Strong Eriksen,99.08995583562,1 Strong Eriksen,97.39894227467,1 Strong Eriksen,99.59179689107,1 Strong Eriksen,98.4837206316,1 Strong Eriksen,98.57982698911,1 Strong Eriksen,57.53404287069,1 Strong Eriksen,64.55324447,1 Strong Eriksen,98.99931248216,1 Strong Eriksen,98.02551315754,1 Strong Eriksen,98.67853613227,1 Strong Eriksen,94.5057557034,1 Strong Eriksen,98.73504804513,1 Strong Eriksen,99.403385789,1 Strong Eriksen,92.36611259427,1 Strong Eriksen,87.73798330329,1 Strong Eriksen,98.3896397950,1 Strong Eriksen,99.59179414660,1 Strong Eriksen,98.18341231447,1 Strong Eriksen,99.59179604546,1 Strong Eriksen,96.35686358279,1 Strong Eriksen,98.23133509665,1 Strong Eriksen,98.83039554825,1 Strong Eriksen,80.83838233246,1 Strong Eriksen,99.403185585,1 Strong Eriksen,99.37907468072,1 Strong Eriksen,94.79049419152,1 Strong Eriksen,97.30795257707,1 Strong Eriksen,99.11965809352,1 Strong Eriksen,99.403223578,1 Strong Eriksen,99.403656789,1 Strong Eriksen,82.67673683764,1 Strong Eriksen,98.3896277996,1 Strong Eriksen,99.11965595356,1 Strong Eriksen,94.04482545944,1 Strong Eriksen,97.03011656095,1 Strong Eriksen,98.30585445211,1 Strong Eriksen,97.78958108301,1 Strong Eriksen,70.78937383364,1 Strong Eriksen,88.32364613474,1 Strong Eriksen,99.59179779701,1 Strong Eriksen,95.57049669797,1 Strong Eriksen,99.59179384939,1 Strong Eriksen,98.11531464936,1 Strong Eriksen,98.96715857600,1 Strong Eriksen,98.7806779809,1 Strong Eriksen,98.99989478959,1 Strong Eriksen,91.34844893529,1 Strong Eriksen,98.99931387031,1 Strong Eriksen,99.4295276373,1 Strong Eriksen,87.61794236457,1 Strong Eriksen,99.11965138824,1 Strong Eriksen,14.44731346597,1 Strong Eriksen,87.82758814207,1 Strong Eriksen,73.23464390025,1 Strong Eriksen,99.59179681048,1 Strong Eriksen,90.874462968,1 Strong Eriksen,95.06038833848,1 Strong Eriksen,97.12372142423,1 Strong Eriksen,99.403713810,1 Strong Eriksen,88.73428233776,1 Strong Eriksen,99.2518288624,1 Strong Eriksen,99.59179626545,1 Strong Eriksen,94.05683436613,1 Strong Eriksen,78.09177631516,1 Strong Eriksen,97.10371249283,1 Strong Eriksen,90.70645589025,1 Strong Eriksen,99.403468572,1 Strong Eriksen,99.36839423788,1 Strong Eriksen,98.88703369981,1 Strong Eriksen,99.59179795568,1 Strong Eriksen,96.84866216394,1 Strong Eriksen,97.20253460934,1 Strong Eriksen,59.49432597324,1 Strong Eriksen,98.4837502738,1 Strong Eriksen,98.99931196776,1 Strong Eriksen,96.6444706223,1 Strong Eriksen,99.59179798947,1 Strong Eriksen,98.02551415821,1 Strong Eriksen,99.59179111287,1 Strong Eriksen,98.57982428459,1 Strong Eriksen,95.60076731840,1 Strong Eriksen,99.403837823,1 Strong Eriksen,98.02551261462,1 Strong Eriksen,96.36471403275,1 Strong Eriksen,96.85247767449,1 Strong Eriksen,99.59179686685,1 Strong Eriksen,23.68603427609,1 Strong Eriksen,86.15187800377,1 Strong Eriksen,99.72186879400,1 Strong Eriksen,99.403605010,1 Strong Eriksen,96.6444412531,1 Strong Eriksen,60.35006395973,1 Strong Eriksen,98.73504325250,1 Strong Eriksen,99.59179852946,1 Strong Eriksen,98.99931513950,1 Strong Eriksen,86.33162892471,1 Strong Eriksen,99.59179369710,1 Strong Eriksen,95.19022773184,1 Strong Eriksen,98.99931119107,1 Strong Eriksen,98.4837745819,1 Strong Eriksen,99.11965473363,1 Strong Eriksen,95.44061552269,1 Strong Eriksen,96.51772308658,1 Strong Eriksen,97.84697364044,1 Strong Eriksen,98.93488535709,1 Strong Eriksen,99.59179853481,1 Strong Eriksen,95.58505807620,1 Strong Eriksen,97.41229187705,1 Strong Eriksen,98.20575359317,1 Strong Eriksen,84.40508378081,1 Strong Eriksen,86.76289369213,1 Strong Eriksen,98.88703595674,1 Strong Eriksen,96.23514231286,1 Strong Eriksen,94.81664788704,1 Strong Eriksen,98.4837398194,1 Strong Eriksen,98.88703542937,1 Strong Eriksen,98.99931156582,1 Strong Eriksen,81.72504387036,1 Strong Eriksen,97.39894788740,1 Strong Eriksen,99.59179848804,1 Strong Eriksen,93.71647470706,1 Strong Eriksen,96.52218875216,1 Strong Eriksen,97.66864431511,1 Strong Eriksen,96.83236488515,1 Strong Eriksen,65.2398297338,1 Strong Eriksen,96.23514269210,1 Strong Eriksen,95.67965156319,1 Strong Eriksen,98.02551113029,1 Strong Eriksen,96.44313631794,1 Strong Eriksen,98.3896286222,1 Strong Eriksen,96.54455240615,1 Strong Eriksen,83.606727815,1 Strong Eriksen,94.02256530769,1 Strong Eriksen,97.39894858334,1 Strong Eriksen,97.57916223917,1 Strong Eriksen,95.21872780109,1 Strong Eriksen,98.99931323680,1 Strong Eriksen,80.21635304644,1 Strong Eriksen,99.59179623196,1 Strong Eriksen,97.57916394126,1 Strong Eriksen,84.44208511737,1 Strong Eriksen,99.403733648,1 Strong Eriksen,98.99931757784,1 Strong Eriksen,98.11531473615,1 Strong Eriksen,91.41493396218,1 Strong Eriksen,99.59179307937,1 Strong Eriksen,99.2518191011,1 Strong Eriksen,99.59179146576,1 Strong Eriksen,99.05281362881,1 Strong Eriksen,98.11531302800,1 Strong Eriksen,93.71647491305,1 Strong Eriksen,99.2518764202,1 Strong Eriksen,93.85569241475,1 Strong Eriksen,78.35079156130,1 Strong Eriksen,99.11965788492,1 Strong Eriksen,98.7806871501,1 Strong Eriksen,89.26956122449,1 Strong Eriksen,99.59179211382,1 Strong Eriksen,71.20508576788,1 Strong Eriksen,97.75786714257,1 Strong Eriksen,99.59179657630,1 Strong Eriksen,98.29708598379,1 Strong Eriksen,97.48931376701,1 Strong Eriksen,98.88703337045,1 Strong Eriksen,98.88703107788,1 Strong Eriksen,98.4837284421,1 Strong Eriksen,96.72045868843,1 Strong Eriksen,99.403538961,1 Strong Eriksen,97.39894133669,1 Strong Eriksen,97.97069523035,1 Strong Eriksen,99.48352675627,1 Strong Eriksen,98.29708234523,1 Strong Eriksen,96.23514898850,1 Strong Eriksen,75.04354101583,1 Strong Eriksen,97.12364485523,1 Strong Eriksen,47.73406875117,1 Strong Eriksen,67.19159419922,1 Strong Eriksen,99.05594591251,1 Strong Eriksen,99.59179817002,1 Strong Eriksen,98.4837784151,1 Strong Eriksen,99.35426835829,1 Strong Eriksen,98.57982160043,1 Strong Eriksen,99.59179770321,1 Strong Eriksen,99.2518471980,1 Strong Eriksen,96.46609547640,1 Strong Eriksen,98.67853369917,1 Strong Eriksen,93.71647876154,1 Strong Eriksen,98.30473786461,1 Strong Eriksen,98.4837150072,1 Strong Eriksen,99.59179253557,1 Strong Eriksen,93.96719890673,1 Strong Eriksen,93.84789338393,1 Strong Eriksen,65.92737616368,1 Strong Eriksen,81.70569392372,1 Strong Eriksen,98.73753282203,1 Strong Eriksen,99.59179137083,1 Strong Eriksen,99.4295297320,1 Strong Eriksen,99.72186198054,1 Strong Eriksen,89.62752743323,1 Strong Eriksen,99.59179299339,1 Strong Eriksen,99.59179803681,1 Strong Eriksen,75.72597119083,1 Strong Eriksen,24.22623554087,1 Strong Eriksen,98.26914624563,1 Strong Eriksen,97.21622106022,1 Strong Eriksen,99.403720110,1 Strong Eriksen,98.99931879646,1 Strong Eriksen,64.78207805729,1 Strong Eriksen,92.98661224740,1 Strong Eriksen,99.59179332618,1 Strong Eriksen,99.403695291,1 Strong Eriksen,89.26956795779,1 Strong Eriksen,99.72186153600,1 Strong Eriksen,99.5469551471,1 Strong Eriksen,99.41897257472,1 Strong Eriksen,98.92142535341,1 Strong Eriksen,99.403465612,1 Strong Eriksen,99.59179363461,1 Strong Eriksen,98.01588755656,1 Strong Eriksen,96.73517539808,1 Strong Eriksen,98.93687846264,1 Strong Eriksen,99.05003873350,1 Strong Eriksen,44.07193297233,1 Strong Eriksen,99.59179217855,1 Strong Eriksen,97.95263373623,1 Strong Eriksen,99.59179585733,1 Strong Eriksen,73.40562814046,1 Strong Eriksen,80.77444603323,1 Strong Eriksen,98.96836278217,1 Strong Eriksen,99.4295782630,1 Strong Eriksen,99.2518196632,1 Strong Eriksen,98.20575153706,1 Strong Eriksen,27.69006790021,1 Strong Eriksen,95.67965472054,1 Strong Eriksen,98.88703832041,1 Strong Eriksen,78.3365465517,1 Strong Eriksen,86.47869613319,1 Strong Eriksen,16.86704351802,1 Strong Eriksen,98.67853147363,1 Strong Eriksen,92.58082543473,1 Strong Eriksen,98.27324382434,1 Strong Eriksen,98.11531872830,1 Strong Eriksen,99.2518617970,1 Strong Eriksen,96.35958513614,1 Strong Eriksen,99.403211185,1 Strong Eriksen,86.80721208614,1 Strong Eriksen,95.95393577334,1 Strong Eriksen,98.81153246005,1 Strong Eriksen,99.39333160,1 Strong Eriksen,97.12364343406,1 Strong Eriksen,98.44464679977,1 Strong Eriksen,94.0467472611,1 Strong Eriksen,93.48829794821,1 Strong Eriksen,99.33213878855,1 Strong Eriksen,90.33642420043,1 Strong Eriksen,99.24117300570,1 Strong Eriksen,98.57982763260,1 Strong Eriksen,78.59452492263,1 Strong Eriksen,99.11965868988,1 Strong Eriksen,98.20575552325,1 Strong Eriksen,99.59179798219,1 Strong Eriksen,97.48931717942,1 Strong Eriksen,99.2518442278,1 Strong Eriksen,95.06038217278,1 Strong Eriksen,98.67853655650,1 Strong Eriksen,99.59179276804,1 Strong Eriksen,86.1866403230,1 Strong Eriksen,99.2518426128,1 Strong Eriksen,91.34073151130,1 Strong Eriksen,99.2518724694,1 Strong Eriksen,98.4837659999,1 Strong Eriksen,99.57551419712,1 Strong Eriksen,99.10871569441,1 Strong Eriksen,99.36297197417,1 Strong Eriksen,98.11531815845,1 Strong Eriksen,97.57916813258,1 Strong Eriksen,98.6481695204,1 Strong Eriksen,98.99931690111,1 Strong Eriksen,99.59179551785,1 Strong Eriksen,79.69867654378,1 Strong Eriksen,2.57071244752,1 Strong Eriksen,97.84697754647,1 Strong Eriksen,97.30795235603,1 Strong Eriksen,98.88703590742,1 Strong Eriksen,97.66864482521,1 Strong Eriksen,98.88703570898,1 Strong Eriksen,60.09701297138,1 Strong Eriksen,98.4837280567,1 Strong Eriksen,99.59179296081,1 Strong Eriksen,85.16965299983,1 Strong Eriksen,99.403221764,1 Strong Eriksen,99.49915526646,1 Strong Eriksen,98.4837193574,1 Strong Eriksen,98.02551892853,1 Strong Eriksen,87.06599245710,1 Strong Eriksen,97.84697832330,1 Strong Eriksen,93.25467429199,1 Strong Eriksen,95.90854784319,1 Strong Eriksen,99.59179141185,1 Strong Eriksen,98.57982759723,1 Strong Eriksen,99.24075428406,1 Strong Eriksen,97.39894853030,1 Strong Eriksen,96.96226797760,1 Strong Eriksen,90.68748261330,1 Strong Eriksen,98.99931799570,1 Strong Eriksen,74.33985694368,1 Strong Eriksen,65.2398504132,1 Strong Eriksen,99.2518865386,1 Strong Eriksen,97.58555181034,1 Strong Eriksen,94.17698767033,1 Strong Eriksen,82.10327549536,1 Strong Eriksen,70.34422319622,1 Strong Eriksen,98.11448435815,1 Strong Eriksen,88.19976478329,1 Strong Eriksen,99.59179265148,1 Strong Eriksen,98.20575586268,1 Strong Eriksen,91.06245444647,1 Strong Eriksen,91.51991165748,1 Strong Eriksen,95.74208632964,1 Strong Eriksen,97.57916218685,1 Strong Eriksen,99.59179182993,1 Strong Eriksen,99.59179862103,1 Strong Eriksen,97.97163793157,1 Strong Eriksen,98.7806450185,1 Strong Eriksen,97.57916281080,1 Strong Eriksen,99.10437304160,1 Strong Eriksen,86.05075613594,1 Strong Eriksen,98.7806166657,1 Strong Eriksen,84.93315473304,1 Strong Eriksen,96.60342861825,1 Strong Eriksen,99.403614492,1 Strong Eriksen,96.12833272888,1 Strong Eriksen,98.20575701700,1 Strong Eriksen,82.01235455113,1 Strong Eriksen,96.33174218988,1 Strong Eriksen,94.81664455413,1 Strong Eriksen,87.77812336842,1 Strong Eriksen,99.403278044,1 Strong Eriksen,98.11531824466,1 Strong Eriksen,97.59548345706,1 Strong Eriksen,93.4287665942,1 Strong Eriksen,99.403792712,1 Strong Eriksen,99.59179290938,1 Strong Eriksen,98.99931781620,1 Strong Eriksen,97.35738431688,1 Strong Eriksen,99.403762937,1 Strong Eriksen,98.15303729466,1 Strong Eriksen,99.403660437,1 Strong Eriksen,97.1528332768,1 Strong Eriksen,99.59179127643,1 Strong Eriksen,98.29708769298,1 Strong Eriksen,88.54568190757,1 Strong Eriksen,98.99931802699,1 Strong Eriksen,99.59179339873,1 Strong Eriksen,99.403342691,1 Strong Eriksen,98.01645796649,1 Strong Eriksen,99.58595151752,1 Strong Eriksen,97.57916479204,1 Strong Eriksen,68.13013484326,1 Strong Eriksen,99.46436557342,1 Strong Eriksen,98.29708225474,1 Strong Eriksen,55.15209157790,1 Strong Eriksen,99.59179346850,1 Strong Eriksen,65.06631822168,1 Strong Eriksen,97.75786171120,1 Strong Eriksen,99.59179272001,1 Strong Eriksen,77.99715667800,1 Strong Eriksen,99.11965341731,1 Strong Eriksen,99.2518586869,1 Strong Eriksen,98.7806827768,1 Strong Eriksen,99.59179177993,1 Strong Eriksen,99.403119401,1 Strong Eriksen,98.62861404542,1 Strong Eriksen,97.03011749139,1 Strong Eriksen,98.35786615477,1 Strong Eriksen,99.61236479621,1 Strong Eriksen,97.03011177289,1 Strong Eriksen,98.88703733199,1 Strong Eriksen,98.3896897714,1 Strong Eriksen,95.31691855096,1 Strong Eriksen,97.91956647731,1 Strong Eriksen,14.78696844377,1 Strong Eriksen,98.99931756610,1 Strong Eriksen,99.59179162596,1 Strong Eriksen,98.57982536815,1 Strong Eriksen,82.79711617992,1 Strong Eriksen,70.08229744472,1 Strong Eriksen,99.2518227143,1 Strong Eriksen,97.9161627520,1 Strong Eriksen,99.59179364424,1 Strong Eriksen,98.20575417457,1 Strong Eriksen,98.99931693981,1 Strong Eriksen,96.35582899755,1 Strong Eriksen,90.19612248810,1 Strong Eriksen,98.99931106230,1 Strong Eriksen,80.14303726834,1 Strong Eriksen,93.21303695174,1 Strong Eriksen,98.11531347461,1 Strong Eriksen,99.59179296090,1 Strong Eriksen,99.403652504,1 Strong Eriksen,98.88703233851,1 Strong Eriksen,59.21001287095,1 Strong Eriksen,97.66864634901,1 Strong Eriksen,95.31691829878,1 Strong Eriksen,97.25939841183,1 Strong Eriksen,84.14204731817,1 Strong Eriksen,99.2518419451,1 Strong Eriksen,99.11965321658,1 Strong Eriksen,94.5057728905,1 Strong Eriksen,99.4723640338,1 Strong Eriksen,99.61236242200,1 Strong Eriksen,96.72617580149,1 Strong Eriksen,96.93553740250,1 Strong Eriksen,99.2518167744,1 Strong Eriksen,96.12833711032,1 Strong Eriksen,96.23514219576,1 Strong Eriksen,99.403136996,1 Strong Eriksen,99.36833479979,1 Strong Eriksen,98.4837141831,1 Strong Eriksen,98.9712335955,1 Strong Eriksen,93.36405761686,1 Strong Eriksen,98.7806657778,1 Strong Eriksen,99.59179645825,1 Strong Eriksen,95.19022675550,1 Strong Eriksen,98.20575463896,1 Strong Eriksen,97.84697686263,1 Strong Eriksen,99.54366819992,1 Strong Eriksen,98.67853383382,1 Strong Eriksen,98.8644572682,1 Strong Eriksen,88.90341796300,1 Strong Eriksen,99.403546425,1 Strong Eriksen,93.43187131223,1 Strong Eriksen,99.12809827010,1 Strong Eriksen,99.11965511467,1 Strong Eriksen,97.75786686529,1 Strong Eriksen,99.11677775675,1 Strong Eriksen,98.7806186786,1 Strong Eriksen,99.32602486935,1 Strong Eriksen,99.59179181624,1 Strong Eriksen,59.71613446522,1 Strong Eriksen,99.403405016,1 Strong Eriksen,99.59179334389,1 Strong Eriksen,98.4837876573,1 Strong Eriksen,26.99323724448,1 Strong Eriksen,99.59179883403,1 Strong Eriksen,98.99931739988,1 Strong Eriksen,98.20575742000,1 Strong Eriksen,97.57916607627,1 Strong Eriksen,96.93553452603,1 Strong Eriksen,99.72186533934,1 Strong Eriksen,70.98746518418,1 Strong Eriksen,99.11965837249,1 Strong Eriksen,99.11965609421,1 Strong Eriksen,98.67853425090,1 Strong Eriksen,99.11965315893,1 Strong Eriksen,91.46779822216,1 Strong Eriksen,63.0606354927,1 Strong Eriksen,97.21622190479,1 Strong Eriksen,99.4295341233,1 Strong Eriksen,99.72186197574,1 Strong Eriksen,95.31691644648,1 Strong Eriksen,99.2518571461,1 Strong Eriksen,83.73153359004,1 Strong Eriksen,17.30777193179,1 Strong Eriksen,91.66789844119,1 Strong Eriksen,99.59179362258,1 Strong Eriksen,99.2518573197,1 Strong Eriksen,98.57982612804,1 Strong Eriksen,98.68357261528,1 Strong Eriksen,98.11531752892,1 Strong Eriksen,99.59179227887,1 Strong Eriksen,95.79529395938,1 Strong Eriksen,98.4837450858,1 Strong Eriksen,44.3265503175,1 Strong Eriksen,77.31612848911,1 Strong Eriksen,99.403894586,1 Strong Eriksen,96.76974575543,1 Strong Eriksen,99.2518800661,1 Strong Eriksen,99.59179724085,1 Strong Eriksen,98.7806202715,1 Strong Eriksen,88.42245331079,1 Strong Eriksen,96.12458420294,1 Strong Eriksen,99.4295549075,1 Strong Eriksen,99.11965205585,1 Strong Eriksen,98.56984263151,1 Strong Eriksen,96.06148679849,1 Strong Eriksen,97.84697104338,1 Strong Eriksen,98.88703156120,1 Strong Eriksen,99.59179383483,1 Strong Eriksen,97.21622506436,1 Strong Eriksen,98.67853160681,1 Strong Eriksen,98.99931591304,1 Strong Eriksen,98.81991675144,1 Strong Eriksen,99.11965707256,1 Strong Eriksen,77.90627222443,1 Strong Eriksen,77.22437436567,1 Strong Eriksen,99.59179136857,1 Strong Eriksen,98.97372476835,1 Strong Eriksen,97.48931843569,1 Strong Eriksen,99.59179231463,1 Strong Eriksen,98.02551670211,1 Strong Eriksen,94.21119644251,1 Strong Eriksen,93.0423446732,1 Strong Eriksen,98.02551700041,1 Strong Eriksen,96.20681872694,1 Strong Eriksen,98.7806734067,1 Strong Eriksen,98.40394532141,1 Strong Eriksen,98.67853338016,1 Strong Eriksen,98.14968142904,1 Strong Eriksen,98.3896332965,1 Strong Eriksen,86.61207613040,1 Strong Eriksen,98.88703760387,1 Strong Eriksen,98.88703198480,1 Strong Eriksen,98.20575340374,1 Strong Eriksen,88.71002501405,1 Strong Eriksen,98.20078728392,1 Strong Eriksen,99.403799356,1 Strong Eriksen,99.51511639790,1 Strong Eriksen,97.75786550039,1 Strong Eriksen,99.59179836362,1 Strong Eriksen,98.73504535916,1 Strong Eriksen,99.3993106575,1 Strong Eriksen,99.72186621998,1 Strong Eriksen,94.79049372773,1 Strong Eriksen,94.9272373494,1 Strong Eriksen,98.67853223354,1 Strong Eriksen,98.81979320744,1 Strong Eriksen,94.89232774477,1 Strong Eriksen,98.20575845676,1 Strong Eriksen,99.59179225856,1 Strong Eriksen,98.29708413453,1 Strong Eriksen,98.4837678421,1 Strong Eriksen,99.403333533,1 Strong Eriksen,99.2518796849,1 Strong Eriksen,98.67853239968,1 Strong Eriksen,87.54828808177,1 Strong Eriksen,97.87007443985,1 Strong Eriksen,98.4837527990,1 Strong Eriksen,98.99931305950,1 Strong Eriksen,98.20575147616,1 Strong Eriksen,99.59179623222,1 Strong Eriksen,86.15187484152,1 Strong Eriksen,98.57982439434,1 Strong Eriksen,98.67853740928,1 Strong Eriksen,85.44502623499,1 Strong Eriksen,98.4837521248,1 Strong Eriksen,96.83978798409,1 Strong Eriksen,36.87067705197,1 Strong Eriksen,92.36611465000,1 Strong Eriksen,92.36611552603,1 Strong Eriksen,96.01951499376,1 Strong Eriksen,79.0475337719,1 Strong Eriksen,98.91862376366,1 Strong Eriksen,99.11965301241,1 Strong Eriksen,98.4837666569,1 Strong Eriksen,99.44019432424,1 Strong Eriksen,99.01487647576,1 Strong Eriksen,98.29708662903,1 Strong Eriksen,81.44186714668,1 Strong Eriksen,99.59179770539,1 Strong Eriksen,99.46436739377,1 Strong Eriksen,99.2518830015,1 Strong Eriksen,99.72186262589,1 Strong Eriksen,97.93613253297,1 Strong Eriksen,99.61236571572,1 Strong Eriksen,99.18374529148,1 Strong Eriksen,98.15614380020,1 Strong Eriksen,98.5341222839,1 Strong Eriksen,93.72713354664,1 Strong Eriksen,99.2518120364,1 Strong Eriksen,99.403105385,1 Strong Eriksen,98.88703789806,1 Strong Eriksen,41.67624828436,1 Strong Eriksen,96.44313606230,1 Strong Eriksen,99.59179330153,1 Strong Eriksen,99.31183208390,1 Strong Eriksen,93.92905731275,1 Strong Eriksen,98.6481301711,1 Strong Eriksen,96.12833216351,1 Strong Eriksen,77.81454850292,1 Strong Eriksen,98.20575669053,1 Strong Eriksen,97.84697246106,1 Strong Eriksen,99.403489342,1 Strong Eriksen,98.99931574930,1 Strong Eriksen,65.83282522178,1 Strong Eriksen,97.03011399961,1 Strong Eriksen,97.6477174462,1 Strong Eriksen,98.99931119333,1 Strong Eriksen,98.29708282931,1 Strong Eriksen,98.20575537332,1 Strong Eriksen,99.59179333977,1 Strong Eriksen,96.83978282427,1 Strong Eriksen,99.57551157070,1 Strong Eriksen,99.30717287338,1 Strong Eriksen,92.25598666369,1 Strong Eriksen,97.84697839508,1 Strong Eriksen,91.51002709933,1 Strong Eriksen,97.66864541157,1 Strong Eriksen,66.9439280198,1 Strong Eriksen,92.86856140275,1 Strong Eriksen,98.57982385599,1 Strong Eriksen,95.54379296467,1 Strong Eriksen,99.403314934,1 Strong Eriksen,96.9831455284,1 Strong Eriksen,98.88703810529,1 Strong Eriksen,91.70912829344,1 Strong Eriksen,98.9028876385,1 Strong Eriksen,99.11965306296,1 Strong Eriksen,99.59179742511,1 Strong Eriksen,99.403295764,1 Strong Eriksen,99.2518529370,1 Strong Eriksen,94.35719659773,1 Strong Eriksen,56.91173150645,1 Strong Eriksen,98.48498770816,1 Strong Eriksen,98.99931447817,1 Strong Eriksen,95.67965463504,1 Strong Eriksen,89.74491596010,1 Strong Eriksen,87.05843680955,1 Strong Eriksen,95.36347541366,1 Strong Eriksen,98.7806679370,1 Strong Eriksen,91.41493329482,1 Strong Eriksen,97.12364481374,1 Strong Eriksen,97.48931258722,1 Strong Eriksen,99.59179224068,1 Strong Eriksen,97.30795353322,1 Strong Eriksen,99.59179773751,1 Strong Eriksen,98.99931731172,1 Strong Eriksen,98.84898615706,1 Strong Eriksen,97.39694594025,1 Strong Eriksen,68.39082223522,1 Strong Eriksen,98.4837508608,1 Strong Eriksen,84.89283824095,1 Strong Eriksen,96.23514728564,1 Strong Eriksen,99.11965698698,1 Strong Eriksen,95.05526120378,1 Strong Eriksen,97.23444554467,1 Strong Eriksen,98.88703520093,1 Strong Eriksen,91.20601303932,1 Strong Eriksen,95.1906370914,1 Strong Eriksen,98.99931642014,1 Strong Eriksen,98.02551320004,1 Strong Eriksen,64.5846400958,1 Strong Eriksen,95.39912135034,1 Strong Eriksen,99.59179545173,1 Strong Eriksen,99.12282216688,1 Strong Eriksen,99.59179502436,1 Strong Eriksen,99.54753628751,1 Strong Eriksen,99.54659576652,1 Strong Eriksen,99.2518798294,1 Strong Eriksen,99.59179222809,1 Strong Eriksen,97.93613240429,1 Strong Eriksen,99.59179180225,1 Strong Eriksen,93.23164146761,1 Strong Eriksen,98.02551350415,1 Strong Eriksen,98.57982262132,1 Strong Eriksen,99.11965715315,1 Strong Eriksen,99.11965121577,1 Strong Eriksen,99.59179769456,1 Strong Eriksen,98.3896683590,1 Strong Eriksen,90.17893154966,1 Strong Eriksen,97.93613111540,1 Strong Eriksen,97.49605109920,1 Strong Eriksen,98.67853272728,1 Strong Eriksen,95.67965194489,1 Strong Eriksen,97.30795340323,1 Strong Eriksen,98.88133633119,1 Strong Eriksen,99.58521270006,1 Strong Eriksen,91.55623335476,1 Strong Eriksen,99.59179637829,1 Strong Eriksen,99.58796112363,1 Strong Eriksen,98.63113364400,1 Strong Eriksen,98.54812485009,1 Strong Eriksen,99.2518647897,1 Strong Eriksen,99.11965113894,1 Strong Eriksen,95.19022794587,1 Strong Eriksen,95.67965440853,1 Strong Eriksen,98.70389267083,1 Strong Eriksen,75.78447255372,1 Strong Eriksen,95.41792891226,1 Strong Eriksen,95.67965583167,1 Strong Eriksen,83.38274567274,1 Strong Eriksen,97.66864717533,1 Strong Eriksen,89.60107749581,1 Strong Eriksen,80.45701320770,1 Strong Eriksen,91.63804711325,1 Strong Eriksen,79.28589223922,1 Strong Eriksen,99.11965616340,1 Strong Eriksen,99.54543602026,1 Strong Eriksen,96.75992284061,1 Strong Eriksen,96.6444613975,1 Strong Eriksen,96.74277853859,1 Strong Eriksen,99.2748319834,1 Strong Eriksen,96.12833272537,1 Strong Eriksen,97.93613840380,1 Strong Eriksen,89.96055168344,1 Strong Eriksen,90.63598766148,1 Strong Eriksen,97.67332566548,1 Strong Eriksen,99.72186263348,1 Strong Eriksen,98.20575669508,1 Strong Eriksen,98.92527266732,1 Strong Eriksen,99.13031387666,1 Strong Eriksen,99.59179854415,1 Strong Eriksen,(null)826063,1 Strong Eriksen,96.74277843127,1 Strong Eriksen,98.7806761984,1 Strong Eriksen,99.05896832240,1 Strong Eriksen,99.59179474451,1 Strong Eriksen,91.39182323395,1 Strong Eriksen,98.57982579812,1 Strong Eriksen,(null)228170,1 Strong Eriksen,99.59179234666,1 Strong Eriksen,95.67965701664,1 Strong Eriksen,99.11965447796,1 Strong Eriksen,98.59142273827,1 Strong Eriksen,97.39894404279,1 Strong Eriksen,83.06481461657,1 Strong Eriksen,99.2518816707,1 Strong Eriksen,83.84003199236,1 Strong Eriksen,96.99162276748,1 Strong Eriksen,93.67411587252,1 Strong Eriksen,98.4361443160,1 Strong Eriksen,95.44061725160,1 Strong Eriksen,99.18916387375,1 Strong Eriksen,79.77074573480,1 Strong Eriksen,99.2518125173,1 Strong Eriksen,96.83978742192,1 Strong Eriksen,99.54366741224,1 Strong Eriksen,98.99931892841,1 Strong Eriksen,99.59179423157,1 Strong Eriksen,95.67965816587,1 Strong Eriksen,88.22652144527,1 Strong Eriksen,99.2518246684,1 Strong Eriksen,99.63719190017,1 Strong Eriksen,99.2518689317,1 Strong Eriksen,99.403257290,1 Strong Eriksen,82.64489748340,1 Strong Eriksen,99.05003239822,1 Strong Eriksen,98.57982621305,1 Strong Eriksen,99.403313523,1 Strong Eriksen,98.7806689168,1 Strong Eriksen,99.59179176430,1 Strong Eriksen,99.09978737192,1 Strong Eriksen,60.02886774903,1 Strong Eriksen,98.88703214961,1 Strong Eriksen,59.44719468174,1 Strong Eriksen,94.40371111766,1 Strong Eriksen,(null)422287,1 Strong Eriksen,98.99931662547,1 Strong Eriksen,99.59179409701,1 Strong Eriksen,89.62419812928,1 Strong Eriksen,97.26447165520,1 Strong Eriksen,99.80027367738,1 Strong Eriksen,98.7806193988,1 Strong Eriksen,99.2518690922,1 Strong Eriksen,98.99931171073,1 Strong Eriksen,77.21777831901,1 Strong Eriksen,97.83212491024,1 Strong Eriksen,99.403581394,1 Strong Eriksen,99.2518122319,1 Strong Eriksen,98.11531512375,1 Strong Eriksen,98.57982695075,1 Strong Eriksen,98.20575713450,1 Strong Eriksen,91.64803394450,1 Strong Eriksen,95.67965887887,1 Strong Eriksen,96.44313336754,1 Strong Eriksen,96.57739645989,1 Strong Eriksen,99.59179432800,1 Strong Eriksen,98.7806564803,1 Strong Eriksen,91.15923534499,1 Strong Eriksen,96.01951173175,1 Strong Eriksen,92.14279561587,1 Strong Eriksen,99.403880243,1 Strong Eriksen,89.77914397779,1 Strong Eriksen,70.65182548867,1 Strong Eriksen,98.4837131282,1 Strong Eriksen,99.59179262474,1 Strong Eriksen,97.7565265220,1 Strong Eriksen,97.93613465164,1 Strong Eriksen,96.93553318629,1 Strong Eriksen,98.16538152624,1 Strong Eriksen,99.2518761053,1 Strong Eriksen,98.4361139772,1 Strong Eriksen,99.2518711108,1 Strong Eriksen,75.89351706126,1 Strong Eriksen,77.50124129217,1 Strong Eriksen,99.44957436748,1 Strong Eriksen,99.403592571,1 Strong Eriksen,98.7806181544,1 Strong Eriksen,99.51384240761,1 Strong Eriksen,99.57551449139,1 Strong Eriksen,86.1136548942,1 Strong Eriksen,98.20575560152,1 Strong Eriksen,72.14531412632,1 Strong Eriksen,97.66864212228,1 Strong Eriksen,82.67673588929,1 Strong Eriksen,99.6709624421,1 Strong Eriksen,96.12833437807,1 Strong Eriksen,99.72186770855,1 Strong Eriksen,99.5153145449,1 Strong Eriksen,99.403432556,1 Strong Eriksen,98.99931506923,1 Strong Eriksen,99.30411602181,1 Strong Eriksen,98.097745037,1 Strong Eriksen,42.21655130052,1 Strong Eriksen,99.11965286655,1 Strong Eriksen,97.27405462177,1 Strong Eriksen,97.46805200196,1 Strong Eriksen,86.96139806817,1 Strong Eriksen,97.39894765493,1 Strong Eriksen,95.56147148195,1 Strong Eriksen,97.38053867597,1 Strong Eriksen,96.93553127695,1 Strong Eriksen,99.59179568027,1 Strong Eriksen,98.57982703998,1 Strong Eriksen,98.8993339467,1 Strong Eriksen,87.98357271001,1 Strong Eriksen,95.23419599640,1 Strong Eriksen,94.0467877450,1 Strong Eriksen,99.39137216462,1 Strong Eriksen,80.22164421775,1 Strong Eriksen,99.403229506,1 Strong Eriksen,98.4016538630,1 Strong Eriksen,92.14279670513,1 Strong Eriksen,98.67853219894,1 Strong Eriksen,99.28481312060,1 Strong Eriksen,89.50347447468,1 Strong Eriksen,99.05896797678,1 Strong Eriksen,95.31691378327,1 Strong Eriksen,99.59179485479,1 Strong Eriksen,99.44957234997,1 Strong Eriksen,98.67853156116,1 Strong Eriksen,95.12113331329,1 Strong Eriksen,99.2518261182,1 Strong Eriksen,98.29708557018,1 Strong Eriksen,97.93613310156,1 Strong Eriksen,99.57173737062,1 Strong Eriksen,98.96982285155,1 Strong Eriksen,99.59179453366,1 Strong Eriksen,94.5057422771,1 Strong Eriksen,99.403289746,1 Strong Eriksen,98.29708335427,1 Strong Eriksen,94.84377441511,1 Strong Eriksen,98.7806587348,1 Strong Eriksen,99.72186711951,1 Strong Eriksen,99.403459149,1 Strong Eriksen,98.99931849969,1 Strong Eriksen,98.11531716733,1 Strong Eriksen,99.11965848280,1 Strong Eriksen,89.58464166338,1 Strong Eriksen,98.67853740740,1 Strong Eriksen,99.24075432681,1 Strong Eriksen,94.0467582778,1 Strong Eriksen,94.9272609626,1 Strong Eriksen,83.80888496661,1 Strong Eriksen,99.59179294319,1 Strong Eriksen,99.41897503916,1 Strong Eriksen,99.2518259587,1 Strong Eriksen,99.2518492634,1 Strong Eriksen,99.22652664687,1 Strong Eriksen,80.83838789610,1 Strong Eriksen,71.55589640058,1 Strong Eriksen,98.29708817585,1 Strong Eriksen,95.31691436989,1 Strong Eriksen,33.06035337370,1 Strong Eriksen,97.75786613348,1 Strong Eriksen,99.59179638673,1 Strong Eriksen,99.4295313467,1 Strong Eriksen,71.16039761973,1 Strong Eriksen,97.9296859215,1 Strong Eriksen,78.3029331252,1 Strong Eriksen,82.37198477007,1 Strong Eriksen,98.88703679136,1 Strong Eriksen,99.59179514089,1 Strong Eriksen,99.59179883007,1 Strong Eriksen,98.88703657987,1 Strong Eriksen,98.99931223385,1 Strong Eriksen,64.01949898957,1 Strong Eriksen,97.21622220943,1 Strong Eriksen,84.64814676082,1 Strong Eriksen,92.68252519956,1 Strong Eriksen,97.38901392569,1 Strong Eriksen,96.44313548573,1 Strong Eriksen,43.32615532015,1 Strong Eriksen,99.11965678092,1 Strong Eriksen,98.57982249773,1 Strong Eriksen,99.403517734,1 Strong Eriksen,99.11965492255,1 Strong Eriksen,76.81612802112,1 Strong Eriksen,95.89008460629,1 Strong Eriksen,98.99931189423,1 Strong Eriksen,98.4837509083,1 Strong Eriksen,99.4295862344,1 Strong Eriksen,93.17865541234,1 Strong Eriksen,97.20766669698,1 Strong Eriksen,98.99931511142,1 Strong Eriksen,98.78563778566,1 Strong Eriksen,99.11965409524,1 Strong Eriksen,99.403162998,1 Strong Eriksen,93.1552212477,1 Strong Eriksen,33.65176243868,1 Strong Eriksen,85.97702429034,1 Strong Eriksen,87.13307248376,1 Strong Eriksen,98.7806485952,1 Strong Eriksen,97.75786812865,1 Strong Eriksen,96.37691468184,1 Strong Eriksen,97.66864592839,1 Strong Eriksen,71.67513624694,1 Strong Eriksen,99.11965225766,1 Strong Eriksen,95.06038432724,1 Strong Eriksen,80.14303189930,1 Strong Eriksen,89.35251271900,1 Strong Eriksen,99.65778322055,1 Strong Eriksen,98.3896413198,1 Strong Eriksen,96.60342365759,1 Strong Eriksen,92.78748277394,1 Strong Eriksen,99.49915602471,1 Strong Eriksen,99.46436337843,1 Strong Eriksen,98.88703345361,1 Strong Eriksen,99.59179839697,1 Strong Eriksen,98.7806108010,1 Strong Eriksen,97.93613129383,1 Strong Eriksen,93.88419406208,1 Strong Eriksen,97.30795449880,1 Strong Eriksen,99.403423216,1 Strong Eriksen,97.84697566901,1 Strong Eriksen,99.2518641767,1 Strong Eriksen,91.73727364457,1 Strong Eriksen,80.8748209971,1 Strong Eriksen,(null)800712,1 Strong Eriksen,98.7806147174,1 Strong Eriksen,80.04362303441,1 Strong Eriksen,98.20575428049,1 Strong Eriksen,98.91508579928,1 Strong Eriksen,99.27827293323,1 Strong Eriksen,98.7806454463,1 Strong Eriksen,99.72186139405,1 Strong Eriksen,99.59179371026,1 Strong Eriksen,(null)478067,1 Strong Eriksen,97.30795575531,1 Strong Eriksen,96.60342626510,1 Strong Eriksen,65.87671307496,1 Strong Eriksen,98.02551522526,1 Strong Eriksen,98.70389172414,1 Strong Eriksen,99.2518719886,1 Strong Eriksen,98.672734129,1 Strong Eriksen,99.403596592,1 Strong Eriksen,99.59179122417,1 Strong Eriksen,98.88703392062,1 Strong Eriksen,96.6444819698,1 Strong Eriksen,98.67853389310,1 Strong Eriksen,99.59179264072,1 Strong Eriksen,99.2518574916,1 Strong Eriksen,98.37628276820,1 Strong Eriksen,99.59179154714,1 Strong Eriksen,48.58559558541,1 Strong Eriksen,99.403752025,1 Strong Eriksen,99.11965359527,1 Strong Eriksen,93.60203485512,1 Strong Eriksen,99.59179442744,1 Strong Eriksen,99.57973597316,1 Strong Eriksen,98.88703570989,1 Strong Eriksen,96.01951593478,1 Strong Eriksen,98.3896748809,1 Strong Eriksen,97.84697308556,1 Strong Eriksen,98.7806734447,1 Strong Eriksen,99.0193253540,1 Strong Eriksen,96.74277654453,1 Strong Eriksen,99.11965841785,1 Strong Eriksen,99.65778455567,1 Strong Eriksen,85.84106432179,1 Strong Eriksen,98.11531840978,1 Strong Eriksen,97.39894389174,1 Strong Eriksen,99.59179161521,1 Strong Eriksen,99.2518635934,1 Strong Eriksen,84.24805771356,1 Strong Eriksen,96.02736122383,1 Strong Eriksen,94.66228881643,1 Strong Eriksen,98.4837448829,1 Strong Eriksen,99.59179327661,1 Strong Eriksen,98.33846511181,1 Strong Eriksen,75.63862653313,1 Strong Eriksen,99.59179381886,1 Strong Eriksen,90.61806642360,1 Strong Eriksen,80.964499833,1 Strong Eriksen,93.47515533940,1 Strong Eriksen,99.2518718137,1 Strong Eriksen,85.54654199905,1 Strong Eriksen,99.59179136233,1 Strong Eriksen,99.64712463028,1 Strong Eriksen,77.43474643453,1 Strong Eriksen,94.0467189428,1 Strong Eriksen,97.84697126534,1 Strong Eriksen,98.4837797403,1 Strong Eriksen,97.84697619395,1 Strong Eriksen,99.00448157666,1 Strong Eriksen,99.59179783351,1 Strong Eriksen,98.20575243866,1 Strong Eriksen,97.30795193065,1 Strong Eriksen,98.4837699929,1 Strong Eriksen,99.59179331711,1 Strong Eriksen,76.87311505046,1 Strong Eriksen,99.0193207450,1 Strong Eriksen,98.19675267890,1 Strong Eriksen,79.16329524935,1 Strong Eriksen,93.5432828158,1 Strong Eriksen,91.66789597575,1 Strong Eriksen,99.59179400548,1 Strong Eriksen,99.54659891884,1 Strong Eriksen,99.59179801371,1 Strong Eriksen,99.44116625567,1 Strong Eriksen,99.403622002,1 Strong Eriksen,98.99931451523,1 Strong Eriksen,95.96329287642,1 Strong Eriksen,99.59179846094,1 Strong Eriksen,99.72186534340,1 Strong Eriksen,99.26001295399,1 Strong Eriksen,95.44061809871,1 Strong Eriksen,92.65242255714,1 Strong Eriksen,96.71704438905,1 Strong Eriksen,99.11965242920,1 Strong Eriksen,98.57982534330,1 Strong Eriksen,98.99931518592,1 Strong Eriksen,98.73288672770,1 Strong Eriksen,97.39894518835,1 Strong Eriksen,99.33635853078,1 Strong Eriksen,99.11965430756,1 Strong Eriksen,93.13179830877,1 Strong Eriksen,99.54366758902,1 Strong Eriksen,97.84697436487,1 Strong Eriksen,98.67853578698,1 Strong Eriksen,91.83601153988,1 Strong Eriksen,93.51037783543,1 Strong Eriksen,98.20575224243,1 Strong Eriksen,99.59179197550,1 Strong Eriksen,99.403463763,1 Strong Eriksen,(null)612188,1 Strong Eriksen,98.99931503561,1 Strong Eriksen,99.59179489411,1 Strong Eriksen,98.20575523804,1 Strong Eriksen,99.59179834145,1 Strong Eriksen,99.11965828569,1 Strong Eriksen,86.26851866726,1 Strong Eriksen,91.8616362411,1 Strong Eriksen,98.7806525650,1 Strong Eriksen,96.93553494442,1 Strong Eriksen,97.12364869076,1 Strong Eriksen,99.403413105,1 Strong Eriksen,97.12364253513,1 Strong Eriksen,98.7806875389,1 Strong Eriksen,99.59179468447,1 Strong Eriksen,99.59179206289,1 Strong Eriksen,98.29708698565,1 Strong Eriksen,99.59179665778,1 Strong Eriksen,95.55762326449,1 Strong Eriksen,87.42268320429,1 Strong Eriksen,97.39894840582,1 Strong Eriksen,87.46827610916,1 Strong Eriksen,94.0467759190,1 Strong Eriksen,98.73504518482,1 Strong Eriksen,98.3896100128,1 Strong Eriksen,87.51303168974,1 Strong Eriksen,91.51263621235,1 Strong Eriksen,99.59179571509,1 Strong Eriksen,79.26587238312,1 Strong Eriksen,99.59179380264,1 Strong Eriksen,95.67965666371,1 Strong Eriksen,98.4837324847,1 Strong Eriksen,66.24105784643,1 Strong Eriksen,99.72186200539,1 Strong Eriksen,96.44313762644,1 Strong Eriksen,95.21354380544,1 Strong Eriksen,98.57982496541,1 Strong Eriksen,97.35803227492,1 Strong Eriksen,99.403182966,1 Strong Eriksen,99.4295590146,1 Strong Eriksen,96.74277812826,1 Strong Eriksen,60.86599270627,1 Strong Eriksen,95.56147259750,1 Strong Eriksen,99.11965471185,1 Strong Eriksen,97.39894113623,1 Strong Eriksen,98.3896348682,1 Strong Eriksen,79.32021765568,1 Strong Eriksen,97.93613374504,1 Strong Eriksen,99.40811822150,1 Strong Eriksen,91.91027645800,1 Strong Eriksen,97.30795255971,1 Strong Eriksen,99.59179136561,1 Strong Eriksen,(null)791028,1 Strong Eriksen,98.20575469357,1 Strong Eriksen,99.59179453462,1 Strong Eriksen,15.22094290762,1 Strong Eriksen,92.78748607513,1 Strong Eriksen,98.57982445532,1 Strong Eriksen,99.59179468834,1 Strong Eriksen,98.15658386570,1 Strong Eriksen,95.60448486202,1 Strong Eriksen,98.99931599310,1 Strong Eriksen,99.403724213,1 Strong Eriksen,96.32796285082,1 Strong Eriksen,98.7806771227,1 Strong Eriksen,98.02551491716,1 Strong Eriksen,99.59179181554,1 Strong Eriksen,91.45848837900,1 Strong Eriksen,99.49915512252,1 Strong Eriksen,99.31183792839,1 Strong Eriksen,99.57551789446,1 Strong Eriksen,96.6444782007,1 Strong Eriksen,99.403581557,1 Strong Eriksen,97.03011186414,1 Strong Eriksen,99.72186207713,1 Strong Eriksen,99.2518193109,1 Strong Eriksen,99.22238479375,1 Strong Eriksen,97.39894743803,1 Strong Eriksen,96.6444882995,1 Strong Eriksen,99.403396706,1 Strong Eriksen,91.34844139248,1 Strong Eriksen,99.59179877967,1 Strong Eriksen,95.79529531158,1 Strong Eriksen,99.2518726562,1 Strong Eriksen,98.4837376823,1 Strong Eriksen,98.88703296085,1 Strong Eriksen,99.2518173362,1 Strong Eriksen,99.2518642970,1 Strong Eriksen,99.59179260946,1 Strong Eriksen,79.15363555912,1 Strong Eriksen,97.30795175300,1 Strong Eriksen,98.29708480839,1 Strong Eriksen,98.88703470138,1 Strong Eriksen,98.3896255036,1 Strong Eriksen,99.37907164198,1 Strong Eriksen,98.24899103360,1 Strong Eriksen,99.59179775077,1 Strong Eriksen,76.35612847314,1 Strong Eriksen,96.54455166458,1 Strong Eriksen,99.11965669272,1 Strong Eriksen,99.59179855321,1 Strong Eriksen,99.11965122283,1 Strong Eriksen,98.73504519585,1 Strong Eriksen,99.59179661787,1 Strong Eriksen,98.88703197110,1 Strong Eriksen,98.7806495677,1 Strong Eriksen,98.99931144363,1 Strong Eriksen,99.403339102,1 Strong Eriksen,92.53143522243,1 Strong Eriksen,99.46436761404,1 Strong Eriksen,96.93553897213,1 Strong Eriksen,95.67965579660,1 Strong Eriksen,98.67853148695,1 Strong Eriksen,84.89283322795,1 Strong Eriksen,99.11965355503,1 Strong Eriksen,99.59179110108,1 Strong Eriksen,96.54455208386,1 Strong Eriksen,98.57982207894,1 Strong Eriksen,99.403573753,1 Strong Eriksen,99.11951109226,1 Strong Eriksen,99.2518709948,1 Strong Eriksen,99.59179753468,1 Strong Eriksen,96.7044323639,1 Strong Eriksen,97.12364144151,1 Strong Eriksen,96.54455715669,1 Strong Eriksen,90.07972321373,1 Strong Eriksen,87.2981682325,1 Strong Eriksen,48.6801417673,1 Strong Eriksen,99.59179115825,1 Strong Eriksen,99.59179439234,1 Strong Eriksen,99.59179854513,1 Strong Eriksen,99.2518517892,1 Strong Eriksen,66.03515675507,1 Strong Eriksen,79.25376482609,1 Strong Eriksen,98.7806481554,1 Strong Eriksen,99.72186466845,1 Strong Eriksen,99.59179731305,1 Strong Eriksen,99.2518269093,1 Strong Eriksen,91.92853249139,1 Strong Eriksen,99.2518454051,1 Strong Eriksen,97.84697539733,1 Strong Eriksen,89.69051321236,1 Strong Eriksen,96.90256454906,1 Strong Eriksen,99.11965805086,1 Strong Eriksen,99.35661243272,1 Strong Eriksen,99.59179829499,1 Strong Eriksen,69.19547366997,1 Strong Eriksen,98.29191280339,1 Strong Eriksen,89.88754602394,1 Strong Eriksen,98.83673741099,1 Strong Eriksen,98.57982811594,1 Strong Eriksen,86.1047700235,1 Strong Eriksen,99.59179716958,1 Strong Eriksen,98.29708717070,1 Strong Eriksen,99.403698724,1 Strong Eriksen,99.05896511367,1 Strong Eriksen,96.20398756435,1 Strong Eriksen,97.75786129027,1 Strong Eriksen,99.21755482112,1 Strong Eriksen,90.66673729310,1 Strong Eriksen,99.33213761163,1 Strong Eriksen,81.83453337388,1 Strong Eriksen,78.97454494267,1 Strong Eriksen,98.02551511584,1 Strong Eriksen,99.33678723123,1 Strong Eriksen,76.80769182059,1 Strong Eriksen,90.62543226760,1 Strong Eriksen,93.08609830636,1 Strong Eriksen,99.41744105972,1 Strong Eriksen,98.99931782356,1 Strong Eriksen,98.57982335705,1 Strong Eriksen,87.8378823517,1 Strong Eriksen,86.41064570479,1 Strong Eriksen,98.02551810248,1 Strong Eriksen,97.66864369837,1 Strong Eriksen,99.51511283660,1 Strong Eriksen,92.14279206873,1 Strong Eriksen,99.11965550786,1 Strong Eriksen,98.67853375571,1 Strong Eriksen,99.72186861072,1 Strong Eriksen,98.11531677329,1 Strong Eriksen,99.33678565105,1 Strong Eriksen,96.34003345551,1 Strong Eriksen,35.91234632136,1 Strong Eriksen,99.403647042,1 Strong Eriksen,97.57916759002,1 Strong Eriksen,99.59179134278,1 Strong Eriksen,94.28479875092,1 Strong Eriksen,89.91727637345,1 Strong Eriksen,90.42694565593,1 Strong Eriksen,97.1245124410,1 Strong Eriksen,83.21963689733,1 Strong Eriksen,99.11965667547,1 Strong Eriksen,99.403359593,1 Strong Eriksen,98.3896419226,1 Strong Eriksen,99.72186232965,1 Strong Eriksen,99.59179169564,1 Strong Eriksen,94.5084688493,1 Strong Eriksen,16.82888204290,1 Strong Eriksen,98.20575704756,1 Strong Eriksen,95.19022220978,1 Strong Eriksen,95.44061713773,1 Strong Eriksen,71.584799594,1 Strong Eriksen,66.13736606321,1 Strong Eriksen,98.67853774515,1 Strong Eriksen,99.11965572221,1 Strong Eriksen,94.9272317414,1 Strong Eriksen,94.85042290486,1 Strong Eriksen,98.57982178676,1 Strong Eriksen,99.59179585330,1 Strong Eriksen,98.67853215426,1 Strong Eriksen,71.68983771828,1 Strong Eriksen,99.11965731953,1 Strong Eriksen,64.01949371657,1 Strong Eriksen,98.20575820397,1 Strong Eriksen,45.00703322883,1 Strong Eriksen,90.42791610912,1 Strong Eriksen,99.59179267253,1 Strong Eriksen,99.2518412526,1 Strong Eriksen,99.11965489179,1 Strong Eriksen,99.11677776773,1 Strong Eriksen,99.2518677702,1 Strong Eriksen,98.7806838827,1 Strong Eriksen,97.52124850588,1 Strong Eriksen,99.2518460833,1 Strong Eriksen,99.40811123305,1 Strong Eriksen,47.96339246070,1 Strong Eriksen,98.57982180185,1 Strong Eriksen,95.43852792189,1 Strong Eriksen,91.73802834595,1 Strong Eriksen,97.93613840154,1 Strong Eriksen,99.41113732743,1 Strong Eriksen,98.99931230711,1 Strong Eriksen,58.11806698764,1 Strong Eriksen,99.59179194914,1 Strong Eriksen,96.44313738041,1 Strong Eriksen,92.5106873879,1 Strong Eriksen,92.94236764563,1 Strong Eriksen,98.99931475920,1 Strong Eriksen,91.72135892964,1 Strong Eriksen,94.84377451928,1 Strong Eriksen,98.99931104940,1 Strong Eriksen,99.59179806800,1 Strong Eriksen,98.57982559427,1 Strong Eriksen,99.59179685174,1 Strong Eriksen,99.59179787704,1 Strong Eriksen,84.87997520874,1 Strong Eriksen,93.36646247894,1 Strong Eriksen,94.85582877679,1 Strong Eriksen,98.0326198255,1 Strong Eriksen,98.1519852916,1 Strong Eriksen,96.6444213955,1 Strong Eriksen,97.10371180611,1 Strong Eriksen,92.58082350701,1 Strong Eriksen,98.4837746508,1 Strong Eriksen,98.02851208688,1 Strong Eriksen,98.4837662912,1 Strong Eriksen,95.22288529562,1 Strong Eriksen,99.2518285490,1 Strong Eriksen,99.59179669121,1 Strong Eriksen,85.07851758650,1 Strong Eriksen,99.59179783869,1 Strong Eriksen,98.11531354007,1 Strong Eriksen,99.2518291369,1 Strong Eriksen,97.66864510564,1 Strong Eriksen,(null)855346,1 Strong Eriksen,99.59179373315,1 Strong Eriksen,99.403844276,1 Strong Eriksen,53.55904586145,1 Strong Eriksen,96.84395634009,1 Strong Eriksen,97.48931779034,1 Strong Eriksen,98.72056871924,1 Strong Eriksen,97.93613643547,1 Strong Eriksen,97.3717438649,1 Strong Eriksen,98.99931174720,1 Strong Eriksen,96.09925156808,1 Strong Eriksen,79.89153167588,1 Strong Eriksen,99.11965623073,1 Strong Eriksen,99.54659212237,1 Strong Eriksen,78.74748219221,1 Strong Eriksen,96.6444112284,1 Strong Eriksen,98.57982610953,1 Strong Eriksen,90.5842808253,1 Strong Eriksen,95.26716538236,1 Strong Eriksen,99.403887435,1 Strong Eriksen,98.11531515018,1 Strong Eriksen,97.03161653453,1 Strong Eriksen,98.57982449107,1 Strong Eriksen,99.403193198,1 Strong Eriksen,98.3896707832,1 Strong Eriksen,99.24075507977,1 Strong Eriksen,99.59179148036,1 Strong Eriksen,73.61521412682,1 Strong Eriksen,50.0623734361,1 Strong Eriksen,99.2518621846,1 Strong Eriksen,99.59179153511,1 Strong Eriksen,78.91559630406,1 Strong Eriksen,98.67853661781,1 Strong Eriksen,98.97431628305,1 Strong Eriksen,98.88703576871,1 Strong Eriksen,99.72186802481,1 Strong Eriksen,96.83978422335,1 Strong Eriksen,98.7806326494,1 Strong Eriksen,99.2518663264,1 Strong Eriksen,99.403116639,1 Strong Eriksen,98.20575478860,1 Strong Eriksen,79.31503259045,1 Strong Eriksen,98.33183768335,1 Strong Eriksen,92.78748689568,1 Strong Eriksen,76.14156291756,1 Strong Eriksen,77.21777402825,1 Strong Eriksen,98.96836231417,1 Strong Eriksen,98.67853348381,1 Strong Eriksen,97.12364376343,1 Strong Eriksen,72.73647893944,1 Strong Eriksen,(null)425880,1 Strong Eriksen,99.2518521781,1 Strong Eriksen,99.11965145955,1 Strong Eriksen,94.79049717903,1 Strong Eriksen,84.214429208,1 Strong Eriksen,98.99931522182,1 Strong Eriksen,98.99931657512,1 Strong Eriksen,97.57916570058,1 Strong Eriksen,96.13329319858,1 Strong Eriksen,97.39894131822,1 Strong Eriksen,98.67853504573,1 Strong Eriksen,92.76717601598,1 Strong Eriksen,90.93507643930,1 Strong Eriksen,98.3896459216,1 Strong Eriksen,99.44475789219,1 Strong Eriksen,99.2748165746,1 Strong Eriksen,95.50421593129,1 Strong Eriksen,99.2518205092,1 Strong Eriksen,94.55545860176,1 Strong Eriksen,86.64829212630,1 Strong Eriksen,98.06956104074,1 Strong Eriksen,77.87599104750,1 Strong Eriksen,97.30795730628,1 Strong Eriksen,91.41493610270,1 Strong Eriksen,94.55722514571,1 Strong Eriksen,92.78879256875,1 Strong Eriksen,96.58844897552,1 Strong Eriksen,88.91196403096,1 Strong Eriksen,79.59433830288,1 Strong Eriksen,90.16539678788,1 Strong Eriksen,98.67853753715,1 Strong Eriksen,98.57982350869,1 Strong Eriksen,98.44265531282,1 Strong Eriksen,99.403520590,1 Strong Eriksen,97.66864664266,1 Strong Eriksen,98.3896340349,1 Strong Eriksen,86.4638646459,1 Strong Eriksen,90.65491537917,1 Strong Eriksen,93.88419503324,1 Strong Eriksen,99.59179481842,1 Strong Eriksen,98.02551828666,1 Strong Eriksen,99.46278316429,1 Strong Eriksen,99.59179423547,1 Strong Eriksen,86.40565372064,1 Strong Eriksen,99.49915683917,1 Strong Eriksen,97.3037540916,1 Strong Eriksen,94.9272440338,1 Strong Eriksen,99.11965855409,1 Strong Eriksen,99.2518732769,1 Strong Eriksen,99.59179718313,1 Strong Eriksen,99.59179674252,1 Strong Eriksen,98.99931216617,1 Strong Eriksen,99.59179849676,1 Strong Eriksen,97.84697890628,1 Strong Eriksen,97.75786888065,1 Strong Eriksen,88.32364274248,1 Strong Eriksen,99.2518201020,1 Strong Eriksen,99.33228450698,1 Strong Eriksen,98.99931840289,1 Strong Eriksen,81.38512829786,1 Strong Eriksen,76.65517524041,1 Strong Eriksen,98.88703813698,1 Strong Eriksen,98.99931547668,1 Strong Eriksen,99.59179579247,1 Strong Eriksen,97.93613545164,1 Strong Eriksen,97.93613668218,1 Strong Eriksen,99.403428468,1 Strong Eriksen,99.11965639527,1 Strong Eriksen,97.21434563046,1 Strong Eriksen,98.20575861368,1 Strong Eriksen,98.57982334157,1 Strong Eriksen,74.68569532692,1 Strong Eriksen,98.29708108266,1 Strong Eriksen,96.34003889003,1 Strong Eriksen,61.43471693691,1 Strong Eriksen,92.80318835078,1 Strong Eriksen,96.44313666978,1 Strong Eriksen,99.61236458240,1 Strong Eriksen,98.55212102692,1 Strong Eriksen,98.7806142741,1 Strong Eriksen,99.72186309229,1 Strong Eriksen,97.74488775929,1 Strong Eriksen,99.65778308895,1 Strong Eriksen,92.87753296745,1 Strong Eriksen,98.88703852610,1 Strong Eriksen,99.59179582384,1 Strong Eriksen,99.16457495120,1 Strong Eriksen,98.57982849861,1 Strong Eriksen,95.57049752407,1 Strong Eriksen,94.19426839466,1 Strong Eriksen,93.89415620152,1 Strong Eriksen,96.85247846964,1 Strong Eriksen,99.00977719212,1 Strong Eriksen,97.84697403830,1 Strong Eriksen,93.17865229689,1 Strong Eriksen,98.3896360040,1 Strong Eriksen,97.15785408190,1 Strong Eriksen,93.66793493049,1 Strong Eriksen,97.39894872311,1 Strong Eriksen,98.88703314496,1 Strong Eriksen,97.30795312766,1 Strong Eriksen,99.59179789359,1 Strong Eriksen,99.11965229714,1 Strong Eriksen,98.88703164531,1 Strong Eriksen,93.82089686565,1 Strong Eriksen,87.23322622554,1 Strong Eriksen,87.98766411860,1 Strong Eriksen,99.59179791224,1 Strong Eriksen,97.42696783040,1 Strong Eriksen,92.78879726212,1 Strong Eriksen,99.11965629583,1 Strong Eriksen,99.11965159884,1 Strong Eriksen,94.94305546311,1 Strong Eriksen,79.77549460037,1 Strong Eriksen,98.57982289248,1 Strong Eriksen,99.4295180632,1 Strong Eriksen,99.2518706613,1 Strong Eriksen,98.57982882133,1 Strong Eriksen,99.59179333677,1 Strong Eriksen,98.20575263903,1 Strong Eriksen,98.99931205791,1 Strong Eriksen,98.86518322414,1 Strong Eriksen,97.43315340634,1 Strong Eriksen,98.99931314900,1 Strong Eriksen,97.93613239689,1 Strong Eriksen,74.61098141814,1 Strong Eriksen,87.9399805038,1 Strong Eriksen,99.59179198568,1 Strong Eriksen,90.81514508842,1 Strong Eriksen,98.7806745289,1 Strong Eriksen,98.74211420703,1 Strong Eriksen,93.76548770293,1 Strong Eriksen,99.59179667310,1 Strong Eriksen,85.84071494724,1 Strong Eriksen,95.90854208868,1 Strong Eriksen,99.59179319400,1 Strong Eriksen,99.59179474676,1 Strong Eriksen,98.84841108281,1 Strong Eriksen,57.55056595484,1 Strong Eriksen,98.39009274476,1 Strong Eriksen,90.72218568558,1 Strong Eriksen,98.01183693835,1 Strong Eriksen,89.59668624286,1 Strong Eriksen,70.96935357936,1 Strong Eriksen,99.102527962,1 Strong Eriksen,94.19434485768,1 Strong Eriksen,99.11677561978,1 Strong Eriksen,68.36091803793,1 Strong Eriksen,87.14333527027,1 Strong Eriksen,83.47796527670,1 Strong Eriksen,99.11965153632,1 Strong Eriksen,77.59809172669,1 Strong Eriksen,65.33691238901,1 Strong Eriksen,95.67965734189,1 Strong Eriksen,99.59179460239,1 Strong Eriksen,98.99931861030,1 Strong Eriksen,98.29708713540,1 Strong Eriksen,98.67853305958,1 Strong Eriksen,98.99931526182,1 Strong Eriksen,74.87096819915,1 Strong Eriksen,96.83978278931,1 Strong Eriksen,97.84697332287,1 Strong Eriksen,96.44313863221,1 Strong Eriksen,97.00718747932,1 Strong Eriksen,82.4529191032,1 Strong Eriksen,98.88703193808,1 Strong Eriksen,98.3896644575,1 Strong Eriksen,99.403186164,1 Strong Eriksen,98.80869448135,1 Strong Eriksen,95.90854236565,1 Strong Eriksen,97.66864328898,1 Strong Eriksen,96.34003418238,1 Strong Eriksen,99.403486060,1 Strong Eriksen,90.47228607176,1 Strong Eriksen,95.51648744792,1 Strong Eriksen,98.11531393215,1 Strong Eriksen,98.20575585326,1 Strong Eriksen,98.7806848233,1 Strong Eriksen,95.00736340597,1 Strong Eriksen,99.59179583112,1 Strong Eriksen,99.2518462733,1 Strong Eriksen,99.59179367623,1 Strong Eriksen,97.61079147875,1 Strong Eriksen,99.72186526315,1 Strong Eriksen,97.39894496190,1 Strong Eriksen,81.2915774870,1 Strong Eriksen,98.88703598222,1 Strong Eriksen,97.84697344554,1 Strong Eriksen,67.21874237317,1 Strong Eriksen,44.58963388859,1 Strong Eriksen,92.36611790085,1 Strong Eriksen,99.59179476667,1 Strong Eriksen,85.29503139379,1 Strong Eriksen,96.34003642318,1 Strong Eriksen,99.2518816765,1 Strong Eriksen,99.11965272815,1 Strong Eriksen,98.4837335966,1 Strong Eriksen,98.29708812939,1 Strong Eriksen,74.68569162310,1 Strong Eriksen,97.30795318386,1 Strong Eriksen,93.83567640586,1 Strong Eriksen,90.28011864756,1 Strong Eriksen,91.2835587703,1 Strong Eriksen,72.32819675329,1 Strong Eriksen,93.88419229350,1 Strong Eriksen,98.11531587948,1 Strong Eriksen,99.11965419614,1 Strong Eriksen,96.67078461231,1 Strong Eriksen,98.11531414732,1 Strong Eriksen,99.59179482499,1 Strong Eriksen,99.59179465336,1 Strong Eriksen,99.31727718388,1 Strong Eriksen,99.65778898893,1 Strong Eriksen,99.2518648604,1 Strong Eriksen,97.31255287461,1 Strong Eriksen,86.47334324884,1 Strong Eriksen,98.67853252675,1 Strong Eriksen,98.6481465046,1 Strong Eriksen,99.403132033,1 Strong Eriksen,97.66864630748,1 Strong Eriksen,99.44475147549,1 Strong Eriksen,99.59179899440,1 Strong Eriksen,(null)627462,1 Strong Eriksen,88.32364165909,1 Strong Eriksen,97.64529187207,1 Strong Eriksen,98.99931383744,1 Strong Eriksen,88.32364459298,1 Strong Eriksen,98.99931678316,1 Strong Eriksen,99.59179522223,1 Strong Eriksen,98.57982743470,1 Strong Eriksen,89.96055754614,1 Strong Eriksen,98.88703296878,1 Strong Eriksen,98.24607762217,1 Strong Eriksen,89.57149392574,1 Strong Eriksen,98.3896443490,1 Strong Eriksen,91.91027459257,1 Strong Eriksen,98.99931574749,1 Strong Eriksen,95.61611419992,1 Strong Eriksen,97.12364700999,1 Strong Eriksen,78.59452331584,1 Strong Eriksen,85.07056614741,1 Strong Eriksen,97.35803845121,1 Strong Eriksen,98.99931132202,1 Strong Eriksen,99.59179860395,1 Strong Eriksen,98.07895542291,1 Strong Eriksen,99.2518108774,1 Strong Eriksen,99.59179811030,1 Strong Eriksen,98.7806819523,1 Strong Eriksen,87.63175608009,1 Strong Eriksen,98.88703450274,1 Strong Eriksen,98.7806604808,1 Strong Eriksen,99.44475564512,1 Strong Eriksen,96.23514438644,1 Strong Eriksen,99.403346491,1 Strong Eriksen,98.57982144207,1 Strong Eriksen,99.20359268928,1 Strong Eriksen,98.11531730349,1 Strong Eriksen,97.93613632197,1 Strong Eriksen,83.70706104177,1 Strong Eriksen,97.66864563630,1 Strong Eriksen,99.59179266113,1 Strong Eriksen,94.93875636663,1 Strong Eriksen,99.59179789056,1 Strong Eriksen,99.59179877676,1 Strong Eriksen,98.4837443011,1 Strong Eriksen,99.57244464241,1 Strong Eriksen,82.61839890249,1 Strong Eriksen,92.11678845358,1 Strong Eriksen,97.75786170881,1 Strong Eriksen,96.01951896705,1 Strong Eriksen,96.77056639941,1 Strong Eriksen,93.75524534619,1 Strong Eriksen,97.87845759121,1 Strong Eriksen,99.59179319688,1 Strong Eriksen,99.65778829029,1 Strong Eriksen,99.403421391,1 Strong Eriksen,99.403569619,1 Strong Eriksen,96.33908863372,1 Strong Eriksen,87.58876788318,1 Strong Eriksen,98.57982180458,1 Strong Eriksen,97.93613220986,1 Strong Eriksen,93.24464384242,1 Strong Eriksen,98.29708396557,1 Strong Eriksen,94.35719203607,1 Strong Eriksen,59.83609632236,1 Strong Eriksen,98.11531175515,1 Strong Eriksen,98.96505332325,1 Strong Eriksen,99.11965439254,1 Strong Eriksen,96.12833890624,1 Strong Eriksen,99.2518847877,1 Strong Eriksen,99.59179473722,1 Strong Eriksen,99.72186489373,1 Strong Eriksen,98.4837321228,1 Strong Eriksen,98.88703318716,1 Strong Eriksen,95.31691479939,1 Strong Eriksen,99.2518450683,1 Strong Eriksen,99.59179504773,1 Strong Eriksen,59.14226508420,1 Strong Eriksen,98.90367381661,1 Strong Eriksen,87.40577605800,1 Strong Eriksen,98.29708352762,1 Strong Eriksen,98.02551317122,1 Strong Eriksen,99.11965181746,1 Strong Eriksen,69.25144746926,1 Strong Eriksen,95.84295614726,1 Strong Eriksen,98.88703389893,1 Strong Eriksen,97.93613440486,1 Strong Eriksen,88.7874786190,1 Strong Eriksen,97.12364417751,1 Strong Eriksen,99.65778600553,1 Strong Eriksen,98.99931826596,1 Strong Eriksen,99.59179757186,1 Strong Eriksen,99.12889365946,1 Strong Eriksen,91.91027462832,1 Strong Eriksen,99.11965397952,1 Strong Eriksen,97.09988389896,1 Strong Eriksen,98.99931365748,1 Strong Eriksen,99.403356448,1 Strong Eriksen,95.32139788093,1 Strong Eriksen,99.65778243000,1 Strong Eriksen,96.52334179984,1 Strong Eriksen,96.96043143426,1 Strong Eriksen,97.94347814196,1 Strong Eriksen,97.88582555694,1 Strong Eriksen,98.88703133222,1 Strong Eriksen,99.46436151664,1 Strong Eriksen,98.57982621591,1 Strong Eriksen,99.59179136936,1 Strong Eriksen,98.3896768498,1 Strong Eriksen,98.57982726290,1 Strong Eriksen,87.08327876019,1 Strong Eriksen,97.32183704206,1 Strong Eriksen,98.67853536830,1 Strong Eriksen,98.99931610445,1 Strong Eriksen,98.20575142704,1 Strong Eriksen,99.59179765184,1 Strong Eriksen,98.29708885095,1 Strong Eriksen,92.14279791650,1 Strong Eriksen,99.1768683540,1 Strong Eriksen,98.57982786864,1 Strong Eriksen,51.20758389518,1 Strong Eriksen,97.4789518765,1 Strong Eriksen,99.403273826,1 Strong Eriksen,88.19605155650,1 Strong Eriksen,99.59179481823,1 Strong Eriksen,99.56979700824,1 Strong Eriksen,99.403139518,1 Strong Eriksen,93.11249435509,1 Strong Eriksen,76.85471755293,1 Strong Eriksen,98.57982153467,1 Strong Eriksen,76.89561183476,1 Strong Eriksen,88.9603318523,1 Strong Eriksen,97.39894586163,1 Strong Eriksen,95.56147485178,1 Strong Eriksen,71.61116410615,1 Strong Eriksen,98.7806550615,1 Strong Eriksen,93.71647564452,1 Strong Eriksen,99.2518749042,1 Strong Eriksen,97.48931548510,1 Strong Eriksen,40.31908454728,1 Strong Eriksen,99.59179722831,1 Strong Eriksen,99.59179771757,1 Strong Eriksen,98.61458560368,1 Strong Eriksen,99.403771873,1 Strong Eriksen,97.88089527255,1 Strong Eriksen,91.91027594732,1 Strong Eriksen,54.13008212218,1 Strong Eriksen,99.57551446521,1 Strong Eriksen,99.4295761222,1 Strong Eriksen,99.59179543349,1 Strong Eriksen,98.11531113517,1 Strong Eriksen,98.20575389185,1 Strong Eriksen,96.44313175815,1 Strong Eriksen,78.59452317063,1 Strong Eriksen,99.403555216,1 Strong Eriksen,98.57982359459,1 Strong Eriksen,76.91544249831,1 Strong Eriksen,86.96054122732,1 Strong Eriksen,95.06038632036,1 Strong Eriksen,99.29283236322,1 Strong Eriksen,99.29283277732,1 Strong Eriksen,94.07552211663,1 Strong Eriksen,98.99931621660,1 Strong Eriksen,98.99931162181,1 Strong Eriksen,96.74277414912,1 Strong Eriksen,99.65778737033,1 Strong Eriksen,85.37928365711,1 Strong Eriksen,99.11965822662,1 Strong Eriksen,99.403883039,1 Strong Eriksen,90.5842701686,1 Strong Eriksen,81.74581219006,1 Strong Eriksen,92.14279492121,1 Strong Eriksen,91.03702595470,1 Strong Eriksen,90.05227622407,1 Strong Eriksen,98.69286520552,1 Strong Eriksen,98.67853275331,1 Strong Eriksen,88.74174503805,1 Strong Eriksen,60.09701404038,1 Strong Eriksen,94.35719845576,1 Strong Eriksen,99.59179479794,1 Strong Eriksen,97.48931659823,1 Strong Eriksen,98.29708292850,1 Strong Eriksen,95.38411894385,1 Strong Eriksen,98.11531505586,1 Strong Eriksen,98.88703606623,1 Strong Eriksen,99.2518493013,1 Strong Eriksen,99.2518893049,1 Strong Eriksen,99.59179157836,1 Strong Eriksen,99.49541355529,1 Strong Eriksen,97.93613806088,1 Strong Eriksen,99.42227814585,1 Strong Eriksen,99.59179837805,1 Strong Eriksen,98.3896849673,1 Strong Eriksen,66.39659810013,1 Strong Eriksen,99.403718620,1 Strong Eriksen,97.30795381537,1 Strong Eriksen,90.31285689137,1 Strong Eriksen,99.11965850464,1 Strong Eriksen,93.61662852606,1 Strong Eriksen,96.60342586198,1 Strong Eriksen,98.51838360856,1 Strong Eriksen,98.7806681081,1 Strong Eriksen,98.7806887092,1 Strong Eriksen,98.20575157690,1 Strong Eriksen,99.2518270120,1 Strong Eriksen,98.7806406234,1 Strong Eriksen,96.06283477998,1 Strong Eriksen,69.88513837463,1 Strong Eriksen,99.38288219893,1 Strong Eriksen,98.7806712357,1 Strong Eriksen,98.20575406336,1 Strong Eriksen,96.26762379595,1 Strong Eriksen,97.84697283905,1 Strong Eriksen,98.99931863842,1 Strong Eriksen,75.7227690484,1 Strong Eriksen,97.30795448430,1 Strong Eriksen,99.61236580259,1 Strong Eriksen,95.91248576519,1 Strong Eriksen,98.4837320292,1 Strong Eriksen,99.403609310,1 Strong Eriksen,98.3896817113,1 Strong Eriksen,98.67853240411,1 Strong Eriksen,96.83978352111,1 Strong Eriksen,98.19481643454,1 Strong Eriksen,95.19022133832,1 Strong Eriksen,98.57982330958,1 Strong Eriksen,99.59179694058,1 Strong Eriksen,98.57982638130,1 Strong Eriksen,88.07834251333,1 Strong Eriksen,96.14539467775,1 Strong Eriksen,99.11965152361,1 Strong Eriksen,95.79529206321,1 Strong Eriksen,99.403508015,1 Strong Eriksen,98.29708883189,1 Strong Eriksen,97.84697860874,1 Strong Eriksen,87.38329664268,1 Strong Eriksen,99.61784396699,1 Strong Eriksen,96.12833823794,1 Strong Eriksen,89.47321773024,1 Strong Eriksen,99.2518372416,1 Strong Eriksen,95.90854821788,1 Strong Eriksen,96.34003184076,1 Strong Eriksen,93.5432412028,1 Strong Eriksen,86.07503667534,1 Strong Eriksen,99.72186233202,1 Strong Eriksen,99.11965869055,1 Strong Eriksen,99.68404599313,1 Strong Eriksen,98.7806545202,1 Strong Eriksen,98.29708567164,1 Strong Eriksen,92.90566153630,1 Strong Eriksen,98.7806379653,1 Strong Eriksen,99.72186360305,1 Strong Eriksen,98.88703809427,1 Strong Eriksen,98.99931679982,1 Strong Eriksen,98.99931790325,1 Strong Eriksen,98.59799164579,1 Strong Eriksen,92.44321606580,1 Strong Eriksen,88.74519672627,1 Strong Eriksen,95.67965558261,1 Strong Eriksen,95.23259653709,1 Strong Eriksen,98.29708208131,1 Strong Eriksen,98.29708149904,1 Strong Eriksen,91.0647792542,1 Strong Eriksen,98.7806129572,1 Strong Eriksen,98.88703141552,1 Strong Eriksen,95.56147127725,1 Strong Eriksen,89.24574175244,1 Strong Eriksen,99.11965764342,1 Strong Eriksen,95.06038427064,1 Strong Eriksen,86.34959611966,1 Strong Eriksen,92.14279259470,1 Strong Eriksen,98.33772617229,1 Strong Eriksen,99.11965766823,1 Strong Eriksen,98.67853294186,1 Strong Eriksen,90.40074812685,1 Strong Eriksen,98.67853320703,1 Strong Eriksen,95.14542143439,1 Strong Eriksen,83.79613236217,1 Strong Eriksen,96.4183202861,1 Strong Eriksen,98.88703792113,1 Strong Eriksen,91.15059279380,1 Strong Eriksen,56.13963317243,1 Strong Eriksen,99.59179684467,1 Strong Eriksen,99.2084799900,1 Strong Eriksen,83.67117253074,1 Strong Eriksen,98.7806268575,1 Strong Eriksen,87.1561456818,1 Strong Eriksen,96.83978839453,1 Strong Eriksen,99.59179568147,1 Strong Eriksen,98.88703414388,1 Strong Eriksen,99.72186645373,1 Strong Eriksen,99.2518126217,1 Strong Eriksen,95.56051677448,1 Strong Eriksen,98.4837144483,1 Strong Eriksen,65.68649145905,1 Strong Eriksen,99.403833728,1 Strong Eriksen,96.93553318469,1 Strong Eriksen,98.86945750426,1 Strong Eriksen,99.57551628927,1 Strong Eriksen,99.403100945,1 Strong Eriksen,99.2518125940,1 Strong Eriksen,77.18161774047,1 Strong Eriksen,99.2518858228,1 Strong Eriksen,73.45889871568,1 Strong Eriksen,75.83622194618,1 Strong Eriksen,98.88703104695,1 Strong Eriksen,98.3896373034,1 Strong Eriksen,99.09229215947,1 Strong Eriksen,96.59705569585,1 Strong Eriksen,98.33284848031,1 Strong Eriksen,98.84536452793,1 Strong Eriksen,69.42278851714,1 Strong Eriksen,95.44061184154,1 Strong Eriksen,93.71405420669,1 Strong Eriksen,98.67853584473,1 Strong Eriksen,99.44116658156,1 Strong Eriksen,95.61935394697,1 Strong Eriksen,88.07834566168,1 Strong Eriksen,95.75862145029,1 Strong Eriksen,97.57916642959,1 Strong Eriksen,99.59179295095,1 Strong Eriksen,97.30795302536,1 Strong Eriksen,99.59179616921,1 Strong Eriksen,98.99931128411,1 Strong Eriksen,98.88703209088,1 Strong Eriksen,90.83395742490,1 Strong Eriksen,99.72186551582,1 Strong Eriksen,65.50964679496,1 Strong Eriksen,94.39518473860,1 Strong Eriksen,99.403812987,1 Strong Eriksen,94.48182142962,1 Strong Eriksen,98.99931242997,1 Strong Eriksen,97.26035767080,1 Strong Eriksen,91.77181169508,1 Strong Eriksen,96.37727317572,1 Strong Eriksen,98.4837347274,1 Strong Eriksen,98.02551748378,1 Strong Eriksen,96.7013836347,1 Strong Eriksen,63.2841145596,1 Strong Eriksen,98.99931858318,1 Strong Eriksen,99.403441136,1 Strong Eriksen,99.11965634868,1 Strong Eriksen,97.67478343821,1 Strong Eriksen,95.16756635699,1 Strong Eriksen,99.2551201906,1 Strong Eriksen,99.02457285088,1 Strong Eriksen,99.403760168,1 Strong Eriksen,91.32706849640,1 Strong Eriksen,98.67853664016,1 Strong Eriksen,99.59179168158,1 Strong Eriksen,99.11965278144,1 Strong Eriksen,97.57916772246,1 Strong Eriksen,99.11965588173,1 Strong Eriksen,99.4295446405,1 Strong Eriksen,99.49915338856,1 Strong Eriksen,99.403118314,1 Strong Eriksen,66.30989288381,1 Strong Eriksen,97.87263376616,1 Strong Eriksen,96.6444755591,1 Strong Eriksen,96.44313666068,1 Strong Eriksen,99.05434653776,1 Strong Eriksen,98.20575538351,1 Strong Eriksen,98.7806786801,1 Strong Eriksen,98.88703695433,1 Strong Eriksen,62.08933172130,1 Strong Eriksen,98.74982558889,1 Strong Eriksen,72.14627309142,1 Strong Eriksen,98.67853746283,1 Strong Eriksen,91.78982429232,1 Strong Eriksen,96.83978262648,1 Strong Eriksen,99.403653060,1 Strong Eriksen,91.13222303786,1 Strong Eriksen,99.49239257146,1 Strong Eriksen,99.59179718839,1 Strong Eriksen,97.30795601460,1 Strong Eriksen,99.11965328321,1 Strong Eriksen,99.11965415309,1 Strong Eriksen,98.99931774051,1 Strong Eriksen,99.2518241956,1 Strong Eriksen,98.02551478742,1 Strong Eriksen,98.11531850352,1 Strong Eriksen,77.83302700161,1 Strong Eriksen,83.98778223530,1 Strong Eriksen,99.39758588831,1 Strong Eriksen,98.7806389485,1 Strong Eriksen,99.11965472867,1 Strong Eriksen,(null)364903,1 Strong Eriksen,96.6444277056,1 Strong Eriksen,99.59179150942,1 Strong Eriksen,97.10371200542,1 Strong Eriksen,85.52116775988,1 Strong Eriksen,90.938738955,1 Strong Eriksen,97.66864585044,1 Strong Eriksen,69.59447656628,1 Strong Eriksen,94.35719103910,1 Strong Eriksen,99.11965657670,1 Strong Eriksen,98.15303760194,1 Strong Eriksen,79.77549561292,1 Strong Eriksen,98.30535136923,1 Strong Eriksen,98.67853827925,1 Strong Eriksen,98.29708588526,1 Strong Eriksen,99.2518200026,1 Strong Eriksen,89.62419533753,1 Strong Eriksen,99.11965363387,1 Strong Eriksen,98.20575275558,1 Strong Eriksen,99.39758432049,1 Strong Eriksen,76.10012383644,1 Strong Eriksen,97.75786559224,1 Strong Eriksen,98.99931736865,1 Strong Eriksen,99.11965672142,1 Strong Eriksen,98.20575452437,1 Strong Eriksen,99.59179284891,1 Strong Eriksen,98.99931256570,1 Strong Eriksen,94.93253625313,1 Strong Eriksen,97.66864674930,1 Strong Eriksen,99.62756439229,1 Strong Eriksen,99.11965872993,1 Strong Eriksen,77.34618213637,1 Strong Eriksen,99.49915709631,1 Strong Eriksen,99.72186797285,1 Strong Eriksen,93.91756543225,1 Strong Eriksen,95.06443739293,1 Strong Eriksen,93.36405766683,1 Strong Eriksen,(null)617435,1 Strong Eriksen,90.81061342379,1 Strong Eriksen,99.08935841603,1 Strong Eriksen,99.59179634916,1 Strong Eriksen,77.49101316233,1 Strong Eriksen,98.57635322884,1 Strong Eriksen,98.11531108148,1 Strong Eriksen,99.4295817557,1 Strong Eriksen,66.63601789468,1 Strong Eriksen,99.11965444750,1 Strong Eriksen,99.59179261799,1 Strong Eriksen,99.59179445642,1 Strong Eriksen,99.65778730029,1 Strong Eriksen,98.67853534726,1 Strong Eriksen,99.59179843132,1 Strong Eriksen,99.30411273562,1 Strong Eriksen,98.88703573309,1 Strong Eriksen,89.83106692900,1 Strong Eriksen,98.29708774330,1 Strong Eriksen,98.75767555120,1 Strong Eriksen,97.66864752437,1 Strong Eriksen,98.91937426262,1 Strong Eriksen,99.59179699261,1 Strong Eriksen,98.7806723346,1 Strong Eriksen,99.11965873507,1 Strong Eriksen,97.75786178881,1 Strong Eriksen,99.403172085,1 Strong Eriksen,97.39894280317,1 Strong Eriksen,95.44061658244,1 Strong Eriksen,97.39423724120,1 Strong Eriksen,94.10142722465,1 Strong Eriksen,99.2518211233,1 Strong Eriksen,98.88703227469,1 Strong Eriksen,99.11965773266,1 Strong Eriksen,99.403450611,1 Strong Eriksen,67.85629859436,1 Strong Eriksen,98.11531121446,1 Strong Eriksen,99.403343142,1 Strong Eriksen,98.7806333489,1 Strong Eriksen,98.58034444258,1 Strong Eriksen,99.403534233,1 Strong Eriksen,92.59247701663,1 Strong Eriksen,99.4295619559,1 Strong Eriksen,59.66775486098,1 Strong Eriksen,42.89682664406,1 Strong Eriksen,98.4837590873,1 Strong Eriksen,98.20575600094,1 Strong Eriksen,98.67853303234,1 Strong Eriksen,97.84697203496,1 Strong Eriksen,98.02551466138,1 Strong Eriksen,99.2518165062,1 Strong Eriksen,99.59179691595,1 Strong Eriksen,99.2518498059,1 Strong Eriksen,99.59179586923,1 Strong Eriksen,99.2518241113,1 Strong Eriksen,94.9272877550,1 Strong Eriksen,98.57982130607,1 Strong Eriksen,77.34167338283,1 Strong Eriksen,93.0575646681,1 Strong Eriksen,96.40849618799,1 Strong Eriksen,98.88703585119,1 Strong Eriksen,81.92857783971,1 Strong Eriksen,99.11965807114,1 Strong Eriksen,99.403720428,1 Strong Eriksen,99.11965168419,1 Strong Eriksen,99.59179298820,1 Strong Eriksen,98.93471631730,1 Strong Eriksen,98.7806681056,1 Strong Eriksen,98.4837375030,1 Strong Eriksen,93.19953794558,1 Strong Eriksen,97.93613537675,1 Strong Eriksen,98.57982417100,1 Strong Eriksen,92.58082212789,1 Strong Eriksen,96.23514467642,1 Strong Eriksen,64.8723835440,1 Strong Eriksen,97.30795129514,1 Strong Eriksen,99.49915808573,1 Strong Eriksen,99.59179512883,1 Strong Eriksen,(null)418312,1 Strong Eriksen,99.2748620953,1 Strong Eriksen,98.11531281527,1 Strong Eriksen,87.35181573561,1 Strong Eriksen,99.5231249046,1 Strong Eriksen,98.4837455040,1 Strong Eriksen,90.85423611070,1 Strong Eriksen,96.54455411487,1 Strong Eriksen,99.59179815865,1 Strong Eriksen,80.63648732068,1 Strong Eriksen,99.59179781537,1 Strong Eriksen,99.59179776956,1 Strong Eriksen,98.69893621486,1 Strong Eriksen,74.51062877062,1 Strong Eriksen,99.52649691452,1 Strong Eriksen,97.21622736556,1 Strong Eriksen,94.66495674011,1 Strong Eriksen,83.01741465001,1 Strong Eriksen,97.66864847428,1 Strong Eriksen,99.11965761127,1 Strong Eriksen,95.31691588327,1 Strong Eriksen,66.03515896235,1 Strong Eriksen,98.60877515254,1 Strong Eriksen,99.59179258580,1 Strong Eriksen,98.88703719089,1 Strong Eriksen,98.57982420156,1 Strong Eriksen,95.31691285899,1 Strong Eriksen,59.1394117247,1 Strong Eriksen,99.24075787575,1 Strong Eriksen,88.55164317274,1 Strong Eriksen,99.59179181239,1 Strong Eriksen,99.403249550,1 Strong Eriksen,75.9276417480,1 Strong Eriksen,98.3896593241,1 Strong Eriksen,99.59179360640,1 Strong Eriksen,98.4837508476,1 Strong Eriksen,99.65778318816,1 Strong Eriksen,96.93553211860,1 Strong Eriksen,99.05896796513,1 Strong Eriksen,99.59179826244,1 Strong Eriksen,97.66864352802,1 Strong Eriksen,97.40434769150,1 Strong Eriksen,97.16631427352,1 Strong Eriksen,98.7806199767,1 Strong Eriksen,99.29152673352,1 Strong Eriksen,99.61236555861,1 Strong Eriksen,98.20575291301,1 Strong Eriksen,91.12899313517,1 Strong Eriksen,88.03935895897,1 Strong Eriksen,97.84697326446,1 Strong Eriksen,90.19222665704,1 Strong Eriksen,90.874311343,1 Strong Eriksen,95.19022680067,1 Strong Eriksen,98.20575279971,1 Strong Eriksen,98.67853590319,1 Strong Eriksen,97.39894223668,1 Strong Eriksen,69.02911302812,1 Strong Eriksen,84.67544739742,1 Strong Eriksen,99.65778648919,1 Strong Eriksen,98.36028211312,1 Strong Eriksen,99.59179771671,1 Strong Eriksen,97.13568428990,1 Strong Eriksen,92.76703599210,1 Strong Eriksen,98.3896635668,1 Strong Eriksen,53.51968385866,1 Strong Eriksen,98.02551550839,1 Strong Eriksen,98.88703151192,1 Strong Eriksen,91.23903608787,1 Strong Eriksen,58.02432528246,1 Strong Eriksen,98.99931545926,1 Strong Eriksen,96.44313417651,1 Strong Eriksen,99.65778648906,1 Strong Eriksen,98.88703599455,1 Strong Eriksen,98.67853140494,1 Strong Eriksen,99.11965454564,1 Strong Eriksen,49.87845652759,1 Strong Eriksen,98.4837870822,1 Strong Eriksen,99.49065552006,1 Strong Eriksen,8.2479874065,1 Strong Eriksen,98.88703737403,1 Strong Eriksen,99.35313367343,1 Strong Eriksen,98.88703253653,1 Strong Eriksen,98.99931339502,1 Strong Eriksen,99.59179686985,1 Strong Eriksen,97.75786397135,1 Strong Eriksen,92.98661356703,1 Strong Eriksen,99.13409147985,1 Strong Eriksen,99.403698908,1 Strong Eriksen,99.2518471269,1 Strong Eriksen,97.99497537771,1 Strong Eriksen,99.07129118361,1 Strong Eriksen,98.57982359336,1 Strong Eriksen,97.12364781542,1 Strong Eriksen,94.70547402688,1 Strong Eriksen,95.38093644590,1 Strong Eriksen,89.53429212796,1 Strong Eriksen,85.52116655731,1 Strong Eriksen,77.2735647910,1 Strong Eriksen,94.09286313124,1 Strong Eriksen,88.49863636094,1 Strong Eriksen,97.77435343834,1 Strong Eriksen,99.403676322,1 Strong Eriksen,99.59179215848,1 Strong Eriksen,97.66864492832,1 Strong Eriksen,97.30795819319,1 Strong Eriksen,99.29298696422,1 Strong Eriksen,99.31183827344,1 Strong Eriksen,98.67853317330,1 Strong Eriksen,98.29708589926,1 Strong Eriksen,97.88089651979,1 Strong Eriksen,98.40626174965,1 Strong Eriksen,96.40898852387,1 Strong Eriksen,76.87119666124,1 Strong Eriksen,95.91249780277,1 Strong Eriksen,97.93613217382,1 Strong Eriksen,99.4295370052,1 Strong Eriksen,98.3896641189,1 Strong Eriksen,98.49358349164,1 Strong Eriksen,98.88703550507,1 Strong Eriksen,98.88703311513,1 Strong Eriksen,98.99931658167,1 Strong Eriksen,97.02537299222,1 Strong Eriksen,97.39894360863,1 Strong Eriksen,46.31213293700,1 Strong Eriksen,98.3896652493,1 Strong Eriksen,99.2518251143,1 Strong Eriksen,99.29697474420,1 Strong Eriksen,98.20575263719,1 Strong Eriksen,98.21555540592,1 Strong Eriksen,99.30761178520,1 Strong Eriksen,99.0384678734,1 Strong Eriksen,98.99931347166,1 Strong Eriksen,98.88703331684,1 Strong Eriksen,98.88703534987,1 Strong Eriksen,98.15245338306,1 Strong Eriksen,99.59179718087,1 Strong Eriksen,99.2518220004,1 Strong Eriksen,88.90229190404,1 Strong Eriksen,99.403428542,1 Strong Eriksen,98.67853467962,1 Strong Eriksen,96.18536370490,1 Strong Eriksen,99.59179680877,1 Strong Eriksen,99.51358501683,1 Strong Eriksen,98.99931439264,1 Strong Eriksen,90.5842395343,1 Strong Eriksen,98.57982492273,1 Strong Eriksen,59.18783502602,1 Strong Eriksen,95.90854145729,1 Strong Eriksen,99.11965125915,1 Strong Eriksen,99.0698887486,1 Strong Eriksen,95.80953235422,1 Strong Eriksen,98.7806658824,1 Strong Eriksen,98.11531386984,1 Strong Eriksen,46.91177862152,1 Strong Eriksen,99.59179524164,1 Strong Eriksen,99.59179716499,1 Strong Eriksen,46.11351572568,1 Strong Eriksen,97.12364502561,1 Strong Eriksen,75.19262838390,1 Strong Eriksen,98.7806788916,1 Strong Eriksen,95.75388254093,1 Strong Eriksen,99.403288956,1 Strong Eriksen,94.11456771264,1 Strong Eriksen,99.08935512577,1 Strong Eriksen,98.88703372554,1 Strong Eriksen,99.2518869540,1 Strong Eriksen,98.22296797466,1 Strong Eriksen,98.57982592219,1 Strong Eriksen,99.403475409,1 Strong Eriksen,98.20575411955,1 Strong Eriksen,97.12364485192,1 Strong Eriksen,98.57982581422,1 Strong Eriksen,97.21622385158,1 Strong Eriksen,88.50827194155,1 Strong Eriksen,91.91682481708,1 Strong Eriksen,99.2518883167,1 Strong Eriksen,98.4837755694,1 Strong Eriksen,99.59179430614,1 Strong Eriksen,97.90723717085,1 Strong Eriksen,89.9801783194,1 Strong Eriksen,5.91658575115,1 Strong Eriksen,97.5565180515,1 Strong Eriksen,99.59179548557,1 Strong Eriksen,98.67853877497,1 Strong Eriksen,98.99931442781,1 Strong Eriksen,75.09109552172,1 Strong Eriksen,84.214703316,1 Strong Eriksen,99.72186556912,1 Strong Eriksen,81.73556709780,1 Strong Eriksen,96.97698732064,1 Strong Eriksen,91.97767691419,1 Strong Eriksen,97.31529500115,1 Strong Eriksen,99.6526782189,1 Strong Eriksen,99.59179483184,1 Strong Eriksen,98.29708697739,1 Strong Eriksen,99.08224231213,1 Strong Eriksen,94.79049193736,1 Strong Eriksen,97.67687894022,1 Strong Eriksen,99.403448136,1 Strong Eriksen,96.74277785897,1 Strong Eriksen,98.20575265681,1 Strong Eriksen,99.54659564269,1 Strong Eriksen,83.57269872384,1 Strong Eriksen,99.4295259972,1 Strong Eriksen,95.16119249666,1 Strong Eriksen,99.59179335621,1 Strong Eriksen,98.88703711498,1 Strong Eriksen,97.95552806359,1 Strong Eriksen,95.86265142917,1 Strong Eriksen,98.02551578072,1 Strong Eriksen,94.9272715016,1 Strong Eriksen,98.88703527981,1 Strong Eriksen,99.2518221971,1 Strong Eriksen,99.59179775600,1 Strong Eriksen,98.3896411918,1 Strong Eriksen,87.14098675332,1 Strong Eriksen,87.33653442484,1 Strong Eriksen,98.4837621137,1 Strong Eriksen,99.51194453644,1 Strong Eriksen,98.67853519417,1 Strong Eriksen,98.29708858075,1 Strong Eriksen,99.11965445402,1 Strong Eriksen,83.77222879712,1 Strong Eriksen,99.59179653868,1 Strong Eriksen,93.17865768865,1 Strong Eriksen,81.98949742053,1 Strong Eriksen,88.07834697335,1 Strong Eriksen,96.12833808617,1 Strong Eriksen,98.99931547311,1 Strong Eriksen,90.58029675491,1 Strong Eriksen,92.78748819323,1 Strong Eriksen,98.3896113125,1 Strong Eriksen,98.3896228656,1 Strong Eriksen,99.44475731929,1 Strong Eriksen,92.81813431199,1 Strong Eriksen,79.05585314085,1 Strong Eriksen,98.11531179435,1 Strong Eriksen,99.2518191727,1 Strong Eriksen,98.99931728902,1 Strong Eriksen,99.54366274390,1 Strong Eriksen,99.59179869981,1 Strong Eriksen,99.72186463045,1 Strong Eriksen,96.45656138404,1 Strong Eriksen,94.34654325958,1 Strong Eriksen,87.09584722528,1 Strong Eriksen,66.71485120569,1 Strong Eriksen,99.57551534913,1 Strong Eriksen,99.2518802253,1 Strong Eriksen,99.05896459160,1 Strong Eriksen,94.36899410548,1 Strong Eriksen,95.60448874163,1 Strong Eriksen,99.59179588791,1 Strong Eriksen,99.27113468422,1 Strong Eriksen,97.75786755594,1 Strong Eriksen,96.54455167333,1 Strong Eriksen,94.79049248774,1 Strong Eriksen,99.59179179433,1 Strong Eriksen,85.31594552734,1 Strong Eriksen,67.51041387703,1 Strong Eriksen,99.11965509990,1 Strong Eriksen,96.74277377498,1 Strong Eriksen,94.81664754721,1 Strong Eriksen,97.75786879166,1 Strong Eriksen,95.67965894688,1 Strong Eriksen,99.49915844201,1 Strong Eriksen,99.65778722405,1 Strong Eriksen,98.56326510506,1 Strong Eriksen,99.22134264642,1 Strong Eriksen,84.58334419123,1 Strong Eriksen,75.94874617021,1 Strong Eriksen,99.59179250530,1 Strong Eriksen,98.67853841576,1 Strong Eriksen,97.93613458475,1 Strong Eriksen,98.02551663701,1 Strong Eriksen,77.34521165011,1 Strong Eriksen,98.57982504555,1 Strong Eriksen,99.2518486360,1 Strong Eriksen,95.44061627611,1 Strong Eriksen,89.16141491195,1 Strong Eriksen,99.11525836581,1 Strong Eriksen,72.90732665461,1 Strong Eriksen,98.99931752420,1 Strong Eriksen,96.23514652047,1 Strong Eriksen,86.64829660998,1 Strong Eriksen,96.97698697499,1 Strong Eriksen,98.11531577167,1 Strong Eriksen,88.46548611207,1 Strong Eriksen,69.88513582358,1 Strong Eriksen,95.06038218615,1 Strong Eriksen,99.59179173443,1 Strong Eriksen,96.44313172296,1 Strong Eriksen,99.403565624,1 Strong Eriksen,99.2518514009,1 Strong Eriksen,97.66864783207,1 Strong Eriksen,99.59179446165,1 Strong Eriksen,98.4837725787,1 Strong Eriksen,99.59179566036,1 Strong Eriksen,94.70004125947,1 Strong Eriksen,99.22406605709,1 Strong Eriksen,98.88703132318,1 Strong Eriksen,98.37604303386,1 Strong Eriksen,94.66788728387,1 Strong Eriksen,80.83838105305,1 Strong Eriksen,99.2518125751,1 Strong Eriksen,64.7189623597,1 Strong Eriksen,90.08143132987,1 Strong Eriksen,98.22432432476,1 Strong Eriksen,98.88703514263,1 Strong Eriksen,97.03011679765,1 Strong Eriksen,99.2518835250,1 Strong Eriksen,97.29909737937,1 Strong Eriksen,84.51019540037,1 Strong Eriksen,98.66246714778,1 Strong Eriksen,98.06825242012,1 Strong Eriksen,98.3896228406,1 Strong Eriksen,99.49915283710,1 Strong Eriksen,99.11965475844,1 Strong Eriksen,99.403496793,1 Strong Eriksen,99.403869705,1 Strong Eriksen,98.67853431696,1 Strong Eriksen,81.78516453439,1 Strong Eriksen,97.98999744306,1 Strong Eriksen,99.4295286592,1 Strong Eriksen,99.05896601208,1 Strong Eriksen,98.7806758037,1 Strong Eriksen,99.33678699744,1 Strong Eriksen,95.19022733101,1 Strong Eriksen,93.46597846739,1 Strong Eriksen,99.59179525835,1 Strong Eriksen,98.11531357902,1 Strong Eriksen,98.21289164351,1 Strong Eriksen,78.59452510138,1 Strong Eriksen,99.2518374823,1 Strong Eriksen,96.89767782836,1 Strong Eriksen,88.32364755459,1 Strong Eriksen,83.07755562963,1 Strong Eriksen,98.88703279857,1 Strong Eriksen,96.20784484527,1 Strong Eriksen,77.2735418679,1 Strong Eriksen,99.403610386,1 Strong Eriksen,98.7806160932,1 Strong Eriksen,98.88703592337,1 Strong Eriksen,99.59179593866,1 Strong Eriksen,98.11531256297,1 Strong Eriksen,97.83074794631,1 Strong Eriksen,74.09128739784,1 Strong Eriksen,91.9496174790,1 Strong Eriksen,99.2518653922,1 Strong Eriksen,98.29708546577,1 Strong Eriksen,98.3896243094,1 Strong Eriksen,84.39516209179,1 Strong Eriksen,94.39518243632,1 Strong Eriksen,99.403199808,1 Strong Eriksen,92.58082165649,1 Strong Eriksen,83.39236168821,1 Strong Eriksen,99.403332817,1 Strong Eriksen,98.7806675138,1 Strong Eriksen,99.19263471046,1 Strong Eriksen,99.403885180,1 Strong Eriksen,99.72186480180,1 Strong Eriksen,91.16023800891,1 Strong Eriksen,98.99931757175,1 Strong Eriksen,95.81326135860,1 Strong Eriksen,97.93613438596,1 Strong Eriksen,98.20575891823,1 Strong Eriksen,98.7806524884,1 Strong Eriksen,98.4837131057,1 Strong Eriksen,82.67673832897,1 Strong Eriksen,98.7806655198,1 Strong Eriksen,98.67853844412,1 Strong Eriksen,85.44353698850,1 Strong Eriksen,80.64981442411,1 Strong Eriksen,98.3896578780,1 Strong Eriksen,93.17865187476,1 Strong Eriksen,86.89535131362,1 Strong Eriksen,98.88703562424,1 Strong Eriksen,99.65778466898,1 Strong Eriksen,98.57982758319,1 Strong Eriksen,62.22633891709,1 Strong Eriksen,96.74277766417,1 Strong Eriksen,98.4837139738,1 Strong Eriksen,98.99931803071,1 Strong Eriksen,97.84697635667,1 Strong Eriksen,97.48931543069,1 Strong Eriksen,79.30552710099,1 Strong Eriksen,96.93553896351,1 Strong Eriksen,98.7806472959,1 Strong Eriksen,95.44061550885,1 Strong Eriksen,99.59179555671,1 Strong Eriksen,98.93568896,1 Strong Eriksen,97.90676160269,1 Strong Eriksen,94.79049899046,1 Strong Eriksen,98.11846278158,1 Strong Eriksen,99.59179833922,1 Strong Eriksen,83.88762378489,1 Strong Eriksen,99.11965778572,1 Strong Eriksen,98.7806186830,1 Strong Eriksen,98.73617659099,1 Strong Eriksen,96.54455609045,1 Strong Eriksen,98.11531500334,1 Strong Eriksen,99.11965891720,1 Strong Eriksen,98.57982193875,1 Strong Eriksen,99.65778321053,1 Strong Eriksen,95.90854830568,1 Strong Eriksen,99.11965542399,1 Strong Eriksen,99.59179325204,1 Strong Eriksen,95.17223493634,1 Strong Eriksen,96.16934847988,1 Strong Eriksen,94.33507738879,1 Strong Eriksen,96.01951319157,1 Strong Eriksen,99.22442693705,1 Strong Eriksen,97.03011481618,1 Strong Eriksen,98.67853804877,1 Strong Eriksen,99.11965158989,1 Strong Eriksen,99.72186746738,1 Strong Eriksen,89.18832561796,1 Strong Eriksen,98.20575642191,1 Strong Eriksen,70.84029189940,1 Strong Eriksen,90.86095314585,1 Strong Eriksen,96.42285174207,1 Strong Eriksen,99.403622069,1 Strong Eriksen,98.57982340535,1 Strong Eriksen,99.59179222383,1 Strong Eriksen,99.11965294274,1 Strong Eriksen,79.34658612085,1 Strong Eriksen,99.59179834933,1 Strong Eriksen,96.01951460020,1 Strong Eriksen,99.59179695640,1 Strong Eriksen,99.59179139831,1 Strong Eriksen,96.79424144170,1 Strong Eriksen,99.59179264265,1 Strong Eriksen,95.34125536569,1 Strong Eriksen,98.73504298712,1 Strong Eriksen,89.62419793917,1 Strong Eriksen,85.49441780407,1 Strong Eriksen,98.55778510831,1 Strong Eriksen,99.59179702532,1 Strong Eriksen,97.84697139034,1 Strong Eriksen,98.63815574867,1 Strong Eriksen,99.403417373,1 Strong Eriksen,99.2518880512,1 Strong Eriksen,98.15303559911,1 Strong Eriksen,97.66864807649,1 Strong Eriksen,99.51358539681,1 Strong Eriksen,66.66482346263,1 Strong Eriksen,95.44061467275,1 Strong Eriksen,92.36611717608,1 Strong Eriksen,98.4837326579,1 Strong Eriksen,99.2518631870,1 Strong Eriksen,98.4837320798,1 Strong Eriksen,99.403445775,1 Strong Eriksen,96.54455334219,1 Strong Eriksen,70.42804178826,1 Strong Eriksen,98.99931413725,1 Strong Eriksen,(null)656538,1 Strong Eriksen,98.7806867220,1 Strong Eriksen,97.81568236388,1 Strong Eriksen,96.93553780163,1 Strong Eriksen,99.59179674278,1 Strong Eriksen,94.47968468685,1 Strong Eriksen,93.98653223183,1 Strong Eriksen,99.59179250360,1 Strong Eriksen,96.6444296484,1 Strong Eriksen,98.57982813923,1 Strong Eriksen,99.403335720,1 Strong Eriksen,77.45473198978,1 Strong Eriksen,94.63929737027,1 Strong Eriksen,99.53963100184,1 Strong Eriksen,99.54659200438,1 Strong Eriksen,99.403882689,1 Strong Eriksen,98.02551562329,1 Strong Eriksen,99.41897818377,1 Strong Eriksen,86.42074177926,1 Strong Eriksen,98.4837294750,1 Strong Eriksen,90.87527299833,1 Strong Eriksen,97.10371897269,1 Strong Eriksen,95.56147571632,1 Strong Eriksen,98.02551133824,1 Strong Eriksen,99.59179528393,1 Strong Eriksen,97.84697757152,1 Strong Eriksen,96.68547893760,1 Strong Eriksen,98.4837860082,1 Strong Eriksen,91.49977300469,1 Strong Eriksen,99.59179807518,1 Strong Eriksen,79.77549363824,1 Strong Eriksen,99.403802206,1 Strong Eriksen,99.59179264398,1 Strong Eriksen,98.67853562768,1 Strong Eriksen,67.21874149236,1 Strong Eriksen,99.59179427520,1 Strong Eriksen,99.11965277653,1 Strong Eriksen,98.99931883150,1 Strong Eriksen,99.59179273832,1 Strong Eriksen,89.96055406225,1 Strong Eriksen,98.99931395180,1 Strong Eriksen,97.93613457445,1 Strong Eriksen,98.93471257261,1 Strong Eriksen,77.98383187605,1 Strong Eriksen,75.9276193529,1 Strong Eriksen,98.57982277510,1 Strong Eriksen,93.36405787703,1 Strong Eriksen,63.4173436817,1 Strong Eriksen,96.29387173064,1 Strong Eriksen,99.11965345516,1 Strong Eriksen,97.35803530484,1 Strong Eriksen,99.11965466444,1 Strong Eriksen,92.98661725783,1 Strong Eriksen,98.29708367320,1 Strong Eriksen,(null)531637,1 Strong Eriksen,96.01951580449,1 Strong Eriksen,98.88703829574,1 Strong Eriksen,93.20633418713,1 Strong Eriksen,97.21622899461,1 Strong Eriksen,98.4837847285,1 Strong Eriksen,99.72186593315,1 Strong Eriksen,99.403733556,1 Strong Eriksen,97.84697358089,1 Strong Eriksen,97.30795581230,1 Strong Eriksen,96.43796189387,1 Strong Eriksen,97.93613651050,1 Strong Eriksen,98.99931469026,1 Strong Eriksen,99.59179598217,1 Strong Eriksen,99.403584289,1 Strong Eriksen,99.2518309912,1 Strong Eriksen,98.57982400192,1 Strong Eriksen,60.67306751177,1 Strong Eriksen,99.45945832712,1 Strong Eriksen,84.81775632053,2 Lean Eriksen,61.4383187199,2 Lean Eriksen,97.66864329844,2 Lean Eriksen,94.04669425134,2 Lean Eriksen,80.47464724497,2 Lean Eriksen,98.73504586403,2 Lean Eriksen,83.88979279414,2 Lean Eriksen,92.15467474400,2 Lean Eriksen,56.11684297452,2 Lean Eriksen,71.56982622100,2 Lean Eriksen,66.99049134184,2 Lean Eriksen,95.5347176776,2 Lean Eriksen,99.47654263115,2 Lean Eriksen,86.81268446613,2 Lean Eriksen,94.39518196269,2 Lean Eriksen,96.19099227165,2 Lean Eriksen,98.4361356311,2 Lean Eriksen,98.88703170039,2 Lean Eriksen,30.85444866258,2 Lean Eriksen,86.25453656776,2 Lean Eriksen,99.44475885047,2 Lean Eriksen,57.74895881291,2 Lean Eriksen,95.92253289119,2 Lean Eriksen,81.42598299008,2 Lean Eriksen,95.33208100776,2 Lean Eriksen,84.71122847217,2 Lean Eriksen,86.41989837452,2 Lean Eriksen,51.14433692771,2 Lean Eriksen,55.65875105745,2 Lean Eriksen,94.48612781386,2 Lean Eriksen,88.3036822044,2 Lean Eriksen,46.14163405777,2 Lean Eriksen,82.32594128878,2 Lean Eriksen,93.19953197047,2 Lean Eriksen,99.21707434402,2 Lean Eriksen,64.69463213441,2 Lean Eriksen,99.11965784898,2 Lean Eriksen,97.48931785208,2 Lean Eriksen,98.57982273783,2 Lean Eriksen,86.52483651854,2 Lean Eriksen,92.08516214760,2 Lean Eriksen,94.81664286818,2 Lean Eriksen,99.59179705635,2 Lean Eriksen,94.99932184524,2 Lean Eriksen,82.8647654443,2 Lean Eriksen,67.03055114395,2 Lean Eriksen,70.81775649225,2 Lean Eriksen,88.19976867435,2 Lean Eriksen,54.85814714691,2 Lean Eriksen,89.93451249034,2 Lean Eriksen,91.40883463392,2 Lean Eriksen,93.96353115563,2 Lean Eriksen,87.88696408155,2 Lean Eriksen,90.00751489391,2 Lean Eriksen,92.07381324307,2 Lean Eriksen,87.85376153985,2 Lean Eriksen,95.71004518716,2 Lean Eriksen,65.08957153175,2 Lean Eriksen,89.94448805146,2 Lean Eriksen,73.56728648638,2 Lean Eriksen,96.19099725319,2 Lean Eriksen,94.81664653836,2 Lean Eriksen,89.93451198541,2 Lean Eriksen,97.30795731892,2 Lean Eriksen,85.4083499369,2 Lean Eriksen,73.22997595146,2 Lean Eriksen,60.97479118911,2 Lean Eriksen,95.3243684407,2 Lean Eriksen,69.08768661689,2 Lean Eriksen,95.19022898406,2 Lean Eriksen,95.71004590834,2 Lean Eriksen,73.63185322428,2 Lean Eriksen,50.59925826409,2 Lean Eriksen,91.70912577118,2 Lean Eriksen,91.70912330976,2 Lean Eriksen,60.56778132586,2 Lean Eriksen,98.60415440670,2 Lean Eriksen,97.8147852940,2 Lean Eriksen,85.05275228933,2 Lean Eriksen,95.25368428542,2 Lean Eriksen,98.67853136247,2 Lean Eriksen,99.59179581989,2 Lean Eriksen,88.19976651076,2 Lean Eriksen,92.44321648944,2 Lean Eriksen,96.83978883242,2 Lean Eriksen,81.33677403992,2 Lean Eriksen,89.23845158488,2 Lean Eriksen,90.63672340132,2 Lean Eriksen,92.81813267272,2 Lean Eriksen,79.73453393494,2 Lean Eriksen,91.66145456373,2 Lean Eriksen,98.02551436015,2 Lean Eriksen,83.04057737647,2 Lean Eriksen,89.23845401721,2 Lean Eriksen,82.48876778539,2 Lean Eriksen,98.07342229813,2 Lean Eriksen,94.39518208789,2 Lean Eriksen,67.1969664423,2 Lean Eriksen,98.4361223980,2 Lean Eriksen,68.54462733855,2 Lean Eriksen,88.82833844246,2 Lean Eriksen,90.63672197172,2 Lean Eriksen,94.39518118930,2 Lean Eriksen,78.04466129401,2 Lean Eriksen,58.55334340017,2 Lean Eriksen,94.39518414107,2 Lean Eriksen,94.3603193889,2 Lean Eriksen,82.64971490253,2 Lean Eriksen,63.22774180710,2 Lean Eriksen,97.90676296961,2 Lean Eriksen,88.19976595660,2 Lean Eriksen,84.33595185609,2 Lean Eriksen,94.14943549447,2 Lean Eriksen,78.64236462084,2 Lean Eriksen,86.4638697910,2 Lean Eriksen,86.4638607054,2 Lean Eriksen,95.05204541585,2 Lean Eriksen,96.14194355836,2 Lean Eriksen,90.39212524460,2 Lean Eriksen,37.36435405356,2 Lean Eriksen,91.34844590449,2 Lean Eriksen,96.29103215768,2 Lean Eriksen,87.85376429047,2 Lean Eriksen,95.25368257177,2 Lean Eriksen,98.6481625034,2 Lean Eriksen,97.26316352147,2 Lean Eriksen,97.84697479498,2 Lean Eriksen,97.20351409058,2 Lean Eriksen,97.53864633128,2 Lean Eriksen,76.22777782103,2 Lean Eriksen,65.64743590781,2 Lean Eriksen,50.53039528882,2 Lean Eriksen,99.59179809171,2 Lean Eriksen,93.40435671549,2 Lean Eriksen,97.73638138033,2 Lean Eriksen,81.33677860606,2 Lean Eriksen,89.5859242760,2 Lean Eriksen,97.35803255228,2 Lean Eriksen,50.53039613190,2 Lean Eriksen,98.67853818806,2 Lean Eriksen,99.403320184,2 Lean Eriksen,86.68092222978,2 Lean Eriksen,92.66745188898,2 Lean Eriksen,99.12791830578,2 Lean Eriksen,36.50364847662,2 Lean Eriksen,76.96278426016,2 Lean Eriksen,95.25368395520,2 Lean Eriksen,99.46436711073,2 Lean Eriksen,78.47283700423,2 Lean Eriksen,85.07941894083,2 Lean Eriksen,92.44321129432,2 Lean Eriksen,97.64865108346,2 Lean Eriksen,84.73444677341,2 Lean Eriksen,72.69021234812,2 Lean Eriksen,96.19099223598,2 Lean Eriksen,91.34844257764,2 Lean Eriksen,92.81813552085,2 Lean Eriksen,77.37307464463,2 Lean Eriksen,59.47481735900,2 Lean Eriksen,91.11048104064,2 Lean Eriksen,98.04467419217,2 Lean Eriksen,71.97307321318,2 Lean Eriksen,95.98468402758,2 Lean Eriksen,96.05341712789,2 Lean Eriksen,96.7044159220,2 Lean Eriksen,58.81607651264,2 Lean Eriksen,70.92323856806,2 Lean Eriksen,95.60448165926,2 Lean Eriksen,96.7044897825,2 Lean Eriksen,95.42439650101,2 Lean Eriksen,94.39518530069,2 Lean Eriksen,78.47283390263,2 Lean Eriksen,97.89143374719,2 Lean Eriksen,96.26772365874,2 Lean Eriksen,80.96652710047,2 Lean Eriksen,73.75716591769,2 Lean Eriksen,96.7044368817,2 Lean Eriksen,99.403592442,2 Lean Eriksen,96.34003437032,2 Lean Eriksen,40.2479112338,2 Lean Eriksen,94.9056658083,2 Lean Eriksen,98.6481253911,2 Lean Eriksen,83.14677741428,2 Lean Eriksen,94.81664374696,2 Lean Eriksen,99.403375937,2 Lean Eriksen,94.39518331697,2 Lean Eriksen,98.6481506259,2 Lean Eriksen,97.48722544698,2 Lean Eriksen,90.28445203064,2 Lean Eriksen,94.50491660328,2 Lean Eriksen,98.27721125812,2 Lean Eriksen,88.62725453973,2 Lean Eriksen,52.07897374288,2 Lean Eriksen,49.17501823412,2 Lean Eriksen,96.7044835812,2 Lean Eriksen,75.75369382829,2 Lean Eriksen,89.55345768133,2 Lean Eriksen,95.68435447419,2 Lean Eriksen,91.34844339083,2 Lean Eriksen,98.63298733191,2 Lean Eriksen,94.9056729576,2 Lean Eriksen,96.40992556175,2 Lean Eriksen,47.02149609961,2 Lean Eriksen,90.99115476107,2 Lean Eriksen,97.75419341321,2 Lean Eriksen,83.23704564726,2 Lean Eriksen,99.44116408945,2 Lean Eriksen,93.98653709777,2 Lean Eriksen,92.94631200503,2 Lean Eriksen,95.43788282655,2 Lean Eriksen,85.71515849185,2 Lean Eriksen,94.81664875520,2 Lean Eriksen,99.23312127552,2 Lean Eriksen,79.32021248046,2 Lean Eriksen,87.16047700733,2 Lean Eriksen,95.25368471751,2 Lean Eriksen,77.10464619057,2 Lean Eriksen,92.78548744406,2 Lean Eriksen,93.19953571746,2 Lean Eriksen,83.08952614706,2 Lean Eriksen,98.02551670069,2 Lean Eriksen,91.34844630041,2 Lean Eriksen,97.26316567605,2 Lean Eriksen,99.05896800545,2 Lean Eriksen,91.70912366893,2 Lean Eriksen,74.45194529705,2 Lean Eriksen,53.94305503789,2 Lean Eriksen,90.96559275625,2 Lean Eriksen,98.6481358392,2 Lean Eriksen,86.53856277100,2 Lean Eriksen,29.91637391204,2 Lean Eriksen,41.56087650733,2 Lean Eriksen,97.66864805465,2 Lean Eriksen,76.69663757070,2 Lean Eriksen,97.26316823951,2 Lean Eriksen,95.4025788710,2 Lean Eriksen,91.60013812568,2 Lean Eriksen,99.59179591196,2 Lean Eriksen,99.59179241321,2 Lean Eriksen,94.84806853914,2 Lean Eriksen,58.41627184264,2 Lean Eriksen,(null)616469,2 Lean Eriksen,98.3896158532,2 Lean Eriksen,88.64581776021,2 Lean Eriksen,92.44321270277,2 Lean Eriksen,98.33724597878,2 Lean Eriksen,90.63672226653,2 Lean Eriksen,92.81813506050,2 Lean Eriksen,92.44203100096,2 Lean Eriksen,99.30551635484,2 Lean Eriksen,96.26772881034,2 Lean Eriksen,79.65486617798,2 Lean Eriksen,98.18919591557,2 Lean Eriksen,80.54605335876,2 Lean Eriksen,17.43158796373,2 Lean Eriksen,89.36423478625,2 Lean Eriksen,86.81268726714,2 Lean Eriksen,50.39896870081,2 Lean Eriksen,67.33188675416,2 Lean Eriksen,97.63511853608,2 Lean Eriksen,90.13649663773,2 Lean Eriksen,83.23704551188,2 Lean Eriksen,64.09922755559,2 Lean Eriksen,96.13735418272,2 Lean Eriksen,92.03794143831,2 Lean Eriksen,96.99555621761,2 Lean Eriksen,82.40838228415,2 Lean Eriksen,81.84809850013,2 Lean Eriksen,91.26351880411,2 Lean Eriksen,73.75716574041,2 Lean Eriksen,68.82217524623,2 Lean Eriksen,87.50742770958,2 Lean Eriksen,56.94225636562,2 Lean Eriksen,78.03907755695,2 Lean Eriksen,99.11965366340,2 Lean Eriksen,99.59179722718,2 Lean Eriksen,99.24075833290,2 Lean Eriksen,97.87041351214,2 Lean Eriksen,99.16238637537,2 Lean Eriksen,98.47583660491,2 Lean Eriksen,92.81813703768,2 Lean Eriksen,40.2479307106,2 Lean Eriksen,62.47322432127,2 Lean Eriksen,94.39518326709,2 Lean Eriksen,96.19099852724,2 Lean Eriksen,97.87041760459,2 Lean Eriksen,97.89143130965,2 Lean Eriksen,99.20191863283,2 Lean Eriksen,78.90901357152,2 Lean Eriksen,79.28949447530,2 Lean Eriksen,89.93451736962,2 Lean Eriksen,89.88267364247,3 Undecided,97.76212627894,3 Undecided,0.44253152112,3 Undecided,82.99738206449,3 Undecided,10.64942863750,3 Undecided,97.46962487021,3 Undecided,38.02643814741,3 Undecided,23.80197685391,3 Undecided,48.99863252925,3 Undecided,83.86955627053,3 Undecided,50.4219724183,3 Undecided,83.80448302861,3 Undecided,77.21777290219,3 Undecided,31.88914521012,3 Undecided,42.87537322859,3 Undecided,47.60149431272,3 Undecided,25.90734733506,3 Undecided,40.90801407156,3 Undecided,81.44186558885,3 Undecided,31.2401623909,3 Undecided,79.96706192712,3 Undecided,91.05689113758,3 Undecided,14.92008864955,3 Undecided,13.94344188748,3 Undecided,46.35175534571,3 Undecided,56.4459891093,3 Undecided,98.88703836972,3 Undecided,59.95871106617,3 Undecided,44.87375826570,3 Undecided,4.19999159044,3 Undecided,31.2401397446,3 Undecided,84.16539651098,3 Undecided,11.82254572518,3 Undecided,16.7507513421,3 Undecided,34.94836400046,3 Undecided,98.67853242629,3 Undecided,41.56087253138,3 Undecided,54.88245756705,3 Undecided,66.03515559440,3 Undecided,96.35582659949,3 Undecided,15.87154214638,3 Undecided,21.33259231800,3 Undecided,29.27488437296,3 Undecided,90.24839589149,3 Undecided,97.57916645838,3 Undecided,23.12849726235,3 Undecided,52.61297304257,3 Undecided,95.90854129193,3 Undecided,88.54568610170,3 Undecided,70.11488674254,3 Undecided,68.02305755523,3 Undecided,17.61662206376,3 Undecided,4.19999120146,3 Undecided,13.94344508149,3 Undecided,32.53593515293,3 Undecided,92.78879327737,3 Undecided,65.0757643683,3 Undecided,95.60448209602,3 Undecided,4.19999658632,3 Undecided,90.42198734408,3 Undecided,29.27488469551,3 Undecided,84.64814371724,3 Undecided,23.80197823283,3 Undecided,68.86887636159,3 Undecided,69.05497231586,3 Undecided,20.06566324946,3 Undecided,37.67535648678,3 Undecided,15.85361833400,3 Undecided,7.94173517165,3 Undecided,51.87454320628,3 Undecided,61.43471246254,3 Undecided,40.24293215085,3 Undecided,16.7507700887,3 Undecided,18.45556186472,3 Undecided,13.94344343967,3 Undecided,58.30259842550,3 Undecided,36.39128292459,3 Undecided,28.6664458086,3 Undecided,96.54455383713,3 Undecided,26.59293578983,3 Undecided,40.26873504334,3 Undecided,88.32364742322,3 Undecided,96.74277509300,3 Undecided,25.15406512208,3 Undecided,44.20365152176,3 Undecided,93.71647500276,3 Undecided,9.6933633303,3 Undecided,94.62583197063,3 Undecided,62.3179420616,3 Undecided,61.43471282246,3 Undecided,44.20365716916,3 Undecided,29.27488552388,3 Undecided,42.87537227273,3 Undecided,16.7507834648,3 Undecided,90.42198635343,3 Undecided,24.73337223032,3 Undecided,39.71787815372,3 Undecided,14.92008488935,3 Undecided,27.94464517697,3 Undecided,30.58835539711,3 Undecided,39.60954825455,3 Undecided,62.3179783489,3 Undecided,31.88914587305,3 Undecided,(null)806923,3 Undecided,78.56192657449,3 Undecided,97.39894754746,3 Undecided,75.69456403388,3 Undecided,90.42198780998,3 Undecided,16.7507383152,3 Undecided,58.0553165409,3 Undecided,68.02305622756,3 Undecided,58.87891174633,3 Undecided,77.01489532920,3 Undecided,88.32364427201,3 Undecided,25.90734886893,3 Undecided,70.11488105783,3 Undecided,46.22747493955,3 Undecided,84.64814308484,3 Undecided,97.12364524457,3 Undecided,54.11642681047,3 Undecided,12.9149793063,3 Undecided,46.91177198851,3 Undecided,52.61297589897,3 Undecided,57.29885774078,3 Undecided,65.0757802266,3 Undecided,50.4219695420,3 Undecided,79.92519663641,3 Undecided,12.9149743137,3 Undecided,54.11642749629,3 Undecided,84.64814554003,3 Undecided,40.25766606559,3 Undecided,21.60227115349,3 Undecided,2.92155485036,3 Undecided,86.414405464,3 Undecided,73.48724127676,3 Undecided,49.7068523519,3 Undecided,29.57577375981,3 Undecided,62.3179271577,3 Undecided,66.03515412361,3 Undecided,59.71613785349,3 Undecided,54.11642511608,3 Undecided,92.78879118245,3 Undecided,82.99738734726,3 Undecided,50.4219705509,3 Undecided,2.41395577204,3 Undecided,13.94344558610,3 Undecided,56.4459322294,3 Undecided,99.11965839970,3 Undecided,51.44013541034,3 Undecided,27.27179385481,3 Undecided,35.10852406762,3 Undecided,88.32364324242,3 Undecided,37.67535617069,3 Undecided,37.67535796067,3 Undecided,43.53763892823,3 Undecided,51.14433445827,3 Undecided,99.403106116,3 Undecided,37.67535416232,3 Undecided,39.60954208211,3 Undecided,90.42198769426,3 Undecided,62.04384703003,3 Undecided,99.11965419655,3 Undecided,92.78879395544,3 Undecided,90.42198110658,3 Undecided,64.13722821677,3 Undecided,72.32819532959,3 Undecided,71.20508243560,3 Undecided,74.68569188785,3 Undecided,6.95189782270,3 Undecided,88.32364212518,3 Undecided,35.10852499878,3 Undecided,91.77164258860,3 Undecided,82.99738302478,3 Undecided,22.06003439265,3 Undecided,95.60448145458,3 Undecided,7.94173307892,3 Undecided,66.03515332751,3 Undecided,15.62651572000,3 Undecided,59.71613600099,3 Undecided,57.24453107279,3 Undecided,26.0919533809,3 Undecided,4.95877366391,3 Undecided,79.26353164387,3 Undecided,3.62949383874,3 Undecided,96.84569696637,3 Undecided,54.26405376366,3 Undecided,64.13722741103,3 Undecided,82.99738496890,3 Undecided,56.4459642192,3 Undecided,75.9276717514,3 Undecided,86.414218805,3 Undecided,41.56087214915,3 Undecided,81.44186378112,3 Undecided,28.61213755567,3 Undecided,90.42198650296,3 Undecided,75.81523828361,3 Undecided,13.94344591022,3 Undecided,62.3179346943,3 Undecided,95.60448802215,3 Undecided,79.96706634237,3 Undecided,46.91177578763,3 Undecided,86.414500171,3 Undecided,81.44186268765,3 Undecided,78.11314533839,3 Undecided,70.11488261423,3 Undecided,20.89325537873,3 Undecided,72.14958650911,3 Undecided,88.3036462422,3 Undecided,31.2401101662,3 Undecided,25.90734253567,3 Undecided,98.02551177502,3 Undecided,10.64942268053,3 Undecided,13.94344564471,3 Undecided,45.54825425412,3 Undecided,33.82436219253,3 Undecided,78.56192583693,3 Undecided,92.78879228544,3 Undecided,93.2894643965,3 Undecided,58.87891435542,3 Undecided,90.42198737422,3 Undecided,68.02305272839,3 Undecided,72.32819599615,3 Undecided,48.99863630198,3 Undecided,45.54825585830,3 Undecided,67.01705181186,3 Undecided,86.64829608741,3 Undecided,42.87537622563,3 Undecided,44.87375597366,3 Undecided,61.43471300059,3 Undecided,79.96706424516,3 Undecided,10.64942178963,3 Undecided,98.4837735967,3 Undecided,83.91142216979,3 Undecided,66.22585209345,3 Undecided,52.61297384528,3 Undecided,99.61236146521,3 Undecided,78.56192778234,3 Undecided,59.71613894985,3 Undecided,43.53763897340,3 Undecided,40.90801780057,3 Undecided,72.69021153155,3 Undecided,92.93411617624,3 Undecided,67.16647799962,3 Undecided,67.16647481560,3 Undecided,3.49458672568,3 Undecided,53.3601628018,3 Undecided,54.88245563474,3 Undecided,2.122216595,3 Undecided,82.99738170501,3 Undecided,15.87154803459,3 Undecided,77.96383476976,3 Undecided,73.48724590334,3 Undecided,97.48931758613,3 Undecided,9.3699583532,3 Undecided,51.14433321614,3 Undecided,51.87454741816,3 Undecided,81.44186446244,3 Undecided,39.7381599807,3 Undecided,78.56192349276,3 Undecided,14.92008177381,3 Undecided,71.20508573547,3 Undecided,7.94173774240,3 Undecided,6.78886224307,3 Undecided,40.90801467700,3 Undecided,57.24453263435,3 Undecided,90.42198176404,3 Undecided,72.93775605818,3 Undecided,99.403213969,3 Undecided,97.35803779981,3 Undecided,10.64942893343,3 Undecided,75.9276826157,3 Undecided,78.56192531910,3 Undecided,19.27095807786,3 Undecided,27.94464241274,3 Undecided,17.77145250575,3 Undecided,82.99738428087,3 Undecided,92.06496463148,3 Undecided,46.22747679850,3 Undecided,95.06038425682,3 Undecided,47.60149805369,3 Undecided,60.56778449952,3 Undecided,86.46096337544,3 Undecided,7.94173860046,3 Undecided,35.7499696208,3 Undecided,32.53593426851,3 Undecided,63.52505103679,3 Undecided,88.79829703751,3 Undecided,81.44186521938,3 Undecided,84.71971215073,3 Undecided,53.3601350537,3 Undecided,72.32819437568,3 Undecided,22.34799197205,3 Undecided,46.22747544035,3 Undecided,98.57982274192,3 Undecided,86.414102137,3 Undecided,68.02305767767,3 Undecided,57.24453680072,3 Undecided,48.99863542293,3 Undecided,66.03515538232,3 Undecided,57.24453736900,3 Undecided,80.04707731396,3 Undecided,54.11642551252,3 Undecided,15.85361525129,3 Undecided,41.56087251085,3 Undecided,88.32364509235,3 Undecided,66.03515682730,3 Undecided,82.99738620253,3 Undecided,49.7068432731,3 Undecided,32.53593584471,3 Undecided,25.21425569056,3 Undecided,22.34799140251,3 Undecided,89.00633382822,3 Undecided,63.68841398110,3 Undecided,63.21836533008,3 Undecided,7.94173554690,3 Undecided,99.11965520056,3 Undecided,95.60448234453,3 Undecided,21.60227665062,3 Undecided,97.02007121075,3 Undecided,92.78879363361,3 Undecided,46.91177858283,3 Undecided,80.9306411556,3 Undecided,43.53763869488,3 Undecided,19.27095184338,3 Undecided,98.3896805177,3 Undecided,90.63258899824,3 Undecided,88.32364137109,3 Undecided,97.66864211735,3 Undecided,46.91177325812,3 Undecided,39.60954558913,3 Undecided,67.01705282680,3 Undecided,96.96017286147,3 Undecided,90.42198378760,3 Undecided,82.99738825738,3 Undecided,84.64814144903,3 Undecided,10.64942323119,3 Undecided,63.21836229327,3 Undecided,98.4361287458,3 Undecided,95.44061428091,3 Undecided,39.60954271006,3 Undecided,62.38163609490,3 Undecided,92.78879320834,3 Undecided,46.22747847909,3 Undecided,86.414381426,3 Undecided,75.9276656670,3 Undecided,88.32364258963,3 Undecided,37.67535174531,3 Undecided,73.48724528883,3 Undecided,75.9276462721,3 Undecided,23.80197558276,3 Undecided,22.34799466179,3 Undecided,33.18087570351,3 Undecided,29.27488359806,3 Undecided,5.66924586774,3 Undecided,75.9276621624,3 Undecided,7.65589109228,3 Undecided,96.44313311876,3 Undecided,50.53039890420,3 Undecided,55.65875245269,3 Undecided,51.14433237022,3 Undecided,11.82254630268,3 Undecided,78.56192501948,3 Undecided,81.44186536053,3 Undecided,45.00752794350,3 Undecided,5.00965803042,3 Undecided,99.59179542524,3 Undecided,14.92008670390,3 Undecided,53.3601469397,3 Undecided,1.62377251621,3 Undecided,92.78879270222,3 Undecided,51.87454193549,3 Undecided,57.24453516974,3 Undecided,54.11642810772,3 Undecided,65.0757315371,3 Undecided,29.27488628858,3 Undecided,51.87454595582,3 Undecided,39.60954562747,3 Undecided,88.32364369458,3 Undecided,81.75284707708,3 Undecided,88.32364241115,3 Undecided,54.11642746745,3 Undecided,56.4459126671,3 Undecided,9.3699117866,3 Undecided,3.22554222085,3 Undecided,7.94173148988,3 Undecided,3.33553777798,3 Undecided,77.21777372171,3 Undecided,74.68569641968,3 Undecided,40.90801305468,3 Undecided,70.11488362454,3 Undecided,98.02551384503,3 Undecided,68.02305231936,3 Undecided,84.64814221461,3 Undecided,20.84209233431,3 Undecided,50.4219579011,3 Undecided,50.4219542678,3 Undecided,31.88914246832,3 Undecided,53.3601542746,3 Undecided,55.65875771493,3 Undecided,12.19701262075,3 Undecided,90.28465841437,3 Undecided,70.11488135534,3 Undecided,88.32364232496,3 Undecided,61.43471305503,3 Undecided,46.91177381235,3 Undecided,54.88245607386,3 Undecided,46.22747817504,3 Undecided,75.9276608888,3 Undecided,81.44186872290,3 Undecided,56.4459128275,3 Undecided,73.48724523492,3 Undecided,86.414276643,3 Undecided,37.03299124069,3 Undecided,84.64814235087,3 Undecided,44.87375151736,3 Undecided,15.56987514937,3 Undecided,66.03515579066,3 Undecided,64.13722581777,3 Undecided,29.27488686633,3 Undecided,31.2401293558,3 Undecided,64.13722304422,3 Undecided,45.54825227308,3 Undecided,46.22747253873,3 Undecided,96.50825549017,3 Undecided,55.65875116679,3 Undecided,81.44186161057,3 Undecided,95.4025889261,3 Undecided,34.46679820140,3 Undecided,90.84353252667,3 Undecided,17.61662842816,3 Undecided,11.04666417057,3 Undecided,95.60448126300,3 Undecided,17.61662763443,3 Undecided,80.83838703112,3 Undecided,77.82124832227,3 Undecided,64.13722131185,3 Undecided,50.4219441308,3 Undecided,73.48724394526,3 Undecided,70.11488626115,3 Undecided,65.83035778833,3 Undecided,70.11488157931,3 Undecided,90.42198467535,3 Undecided,54.88245834435,3 Undecided,20.06566389792,3 Undecided,64.13722149244,3 Undecided,79.96706740508,3 Undecided,66.03515186369,3 Undecided,9.3699471848,3 Undecided,72.32819141351,3 Undecided,73.97713724046,3 Undecided,73.48724262255,3 Undecided,42.76808339882,3 Undecided,79.96706752147,3 Undecided,95.60448776755,3 Undecided,25.90734685513,3 Undecided,98.99931631048,3 Undecided,33.18087708980,3 Undecided,35.10852746006,3 Undecided,16.7507732704,3 Undecided,88.19976652664,3 Undecided,84.64814861838,3 Undecided,51.87454542657,3 Undecided,86.414615871,3 Undecided,16.194539119,3 Undecided,54.11642313205,3 Undecided,96.23514413814,3 Undecided,95.60448773131,3 Undecided,64.13722180448,3 Undecided,22.34799753247,3 Undecided,62.3179699528,3 Undecided,69.3025301575,3 Undecided,79.96706358657,3 Undecided,56.4459256326,3 Undecided,84.57938682737,3 Undecided,43.53763209225,3 Undecided,90.42198195848,3 Undecided,54.88245736586,3 Undecided,10.78884711253,3 Undecided,38.62314207601,3 Undecided,94.49591402641,3 Undecided,56.4459716548,3 Undecided,46.22747320784,3 Undecided,27.94464276160,3 Undecided,76.22777432394,3 Undecided,90.42198750188,3 Undecided,91.31515330984,3 Undecided,63.21836606804,3 Undecided,98.20575473554,3 Undecided,11.82254467745,3 Undecided,59.71613684269,3 Undecided,98.4837756241,3 Undecided,40.90801794926,3 Undecided,27.27179204793,3 Undecided,82.75008612374,3 Undecided,35.7499399004,3 Undecided,88.32364596762,3 Undecided,31.88914709985,4 Lean Wyatt,11.31313577540,4 Lean Wyatt,5.60792541571,4 Lean Wyatt,2.09603891189,4 Lean Wyatt,5.77105402331,4 Lean Wyatt,10.02675284611,4 Lean Wyatt,22.06003505189,4 Lean Wyatt,67.43954739573,4 Lean Wyatt,3.6655531629,4 Lean Wyatt,98.05034668727,4 Lean Wyatt,9.78943841574,4 Lean Wyatt,13.47228768889,4 Lean Wyatt,16.70762175589,4 Lean Wyatt,98.59799489300,4 Lean Wyatt,3.83325443586,4 Lean Wyatt,1.82831208518,4 Lean Wyatt,98.3896697351,4 Lean Wyatt,8.68468535191,4 Lean Wyatt,8.27585322363,4 Lean Wyatt,2.33477621066,4 Lean Wyatt,3.6655544873,4 Lean Wyatt,1.51297754519,4 Lean Wyatt,16.24342469819,4 Lean Wyatt,24.52362672201,4 Lean Wyatt,4.67456363407,4 Lean Wyatt,97.66864119988,4 Lean Wyatt,76.10239751382,4 Lean Wyatt,80.09977835902,4 Lean Wyatt,1.51297880747,4 Lean Wyatt,14.18953143130,4 Lean Wyatt,8.89566474052,4 Lean Wyatt,6.10139811238,4 Lean Wyatt,17.70034492521,4 Lean Wyatt,1.052112417,4 Lean Wyatt,3.31966828997,4 Lean Wyatt,52.79714850694,4 Lean Wyatt,4.16184189192,4 Lean Wyatt,83.17227181007,4 Lean Wyatt,61.30578702127,4 Lean Wyatt,98.02551165804,4 Lean Wyatt,1.82831169927,4 Lean Wyatt,67.35867308601,4 Lean Wyatt,8.68468521880,4 Lean Wyatt,16.24342149715,4 Lean Wyatt,40.23252618051,4 Lean Wyatt,4.32372422262,4 Lean Wyatt,13.82439480518,4 Lean Wyatt,22.83133679997,4 Lean Wyatt,27.52312212581,4 Lean Wyatt,2.75893746368,4 Lean Wyatt,7.1385299740,4 Lean Wyatt,15.37208669321,4 Lean Wyatt,2.33477163049,4 Lean Wyatt,0.62469404727,4 Lean Wyatt,1.10054689546,4 Lean Wyatt,5.28478497715,4 Lean Wyatt,3.85606739237,4 Lean Wyatt,2.09603165790,4 Lean Wyatt,0.78153601887,4 Lean Wyatt,1.86809254592,4 Lean Wyatt,0.77463272530,4 Lean Wyatt,78.46732109591,4 Lean Wyatt,31.27088757654,4 Lean Wyatt,47.48773191853,4 Lean Wyatt,8.89566706533,4 Lean Wyatt,2.75893451515,4 Lean Wyatt,3.51401858399,4 Lean Wyatt,2.09603483423,4 Lean Wyatt,69.05497853301,4 Lean Wyatt,22.83133252967,4 Lean Wyatt,13.13242378013,4 Lean Wyatt,6.78366202331,4 Lean Wyatt,2.09603410742,4 Lean Wyatt,85.00574551016,4 Lean Wyatt,12.17929759674,4 Lean Wyatt,51.14433893879,4 Lean Wyatt,84.87705372814,4 Lean Wyatt,84.87705151479,4 Lean Wyatt,17.19272636246,4 Lean Wyatt,11.88164570943,4 Lean Wyatt,7.31999832772,4 Lean Wyatt,27.52312551711,4 Lean Wyatt,52.79714210552,4 Lean Wyatt,11.59309466918,4 Lean Wyatt,97.10059240421,4 Lean Wyatt,97.08781473906,4 Lean Wyatt,84.87705286006,4 Lean Wyatt,2.086367850,4 Lean Wyatt,1.82831306216,4 Lean Wyatt,90.7849386083,4 Lean Wyatt,12.17929653262,4 Lean Wyatt,1.71781210121,4 Lean Wyatt,4.48457615698,4 Lean Wyatt,5.12434500437,4 Lean Wyatt,11.62299111920,5 Strong Wyatt,10.49221369342,5 Strong Wyatt,1.40436828789,5 Strong Wyatt,0.56757185314,5 Strong Wyatt,8.2479142064,5 Strong Wyatt,1.4272569749,5 Strong Wyatt,26.78255660166,5 Strong Wyatt,2.43695843454,5 Strong Wyatt,2.62073107121,5 Strong Wyatt,8.90736376251,5 Strong Wyatt,78.65128719917,5 Strong Wyatt,7.47147735790,5 Strong Wyatt,20.19646141879,5 Strong Wyatt,19.25001274662,5 Strong Wyatt,99.63214849343,5 Strong Wyatt,6.95189273174,5 Strong Wyatt,1.81706460902,5 Strong Wyatt,1.08063620790,5 Strong Wyatt,13.94022101989,5 Strong Wyatt,1.08213204144,5 Strong Wyatt,1.25577258378,5 Strong Wyatt,13.29895402507,5 Strong Wyatt,6.4764339695,5 Strong Wyatt,2.25325639823,5 Strong Wyatt,98.91454659583,5 Strong Wyatt,89.41627804759,5 Strong Wyatt,1.80704111295,5 Strong Wyatt,90.31818151694,5 Strong Wyatt,10.80002157584,5 Strong Wyatt,83.04373738516,5 Strong Wyatt,96.60342370274,5 Strong Wyatt,3.90728323609,5 Strong Wyatt,96.92546282680,5 Strong Wyatt,13.46448153033,5 Strong Wyatt,0.58523527678,5 Strong Wyatt,78.56192163633,5 Strong Wyatt,68.63086377479,5 Strong Wyatt,5.37478380967,5 Strong Wyatt,13.94022183958,5 Strong Wyatt,6.18041182357,5 Strong Wyatt,30.85444565370,5 Strong Wyatt,0.78153486842,5 Strong Wyatt,3.71388280496,5 Strong Wyatt,5.00965422044,5 Strong Wyatt,55.8706745368,5 Strong Wyatt,0.60757481887,5 Strong Wyatt,1.4272145177,5 Strong Wyatt,73.75716592178,5 Strong Wyatt,0.58523167428,5 Strong Wyatt,13.87201549953,5 Strong Wyatt,10.49221292906,5 Strong Wyatt,2.086574610,5 Strong Wyatt,1.08063877939,5 Strong Wyatt,57.29486113198,5 Strong Wyatt,23.68603305383,5 Strong Wyatt,0.62469736576,5 Strong Wyatt,5.25064350337,5 Strong Wyatt,1.96926325943,5 Strong Wyatt,5.27948489045,5 Strong Wyatt,3.02046426949,5 Strong Wyatt,73.71838345530,5 Strong Wyatt,94.415259477,5 Strong Wyatt,0.65415481449,5 Strong Wyatt,8.90736705098,5 Strong Wyatt,6.18041184103,5 Strong Wyatt,9.14461769448,5 Strong Wyatt,87.01269594819,5 Strong Wyatt,1.94754384167,5 Strong Wyatt,1.052378412,5 Strong Wyatt,0.78153498068,5 Strong Wyatt,0.77617369903,5 Strong Wyatt,6.95189585247,5 Strong Wyatt,99.4295737244,5 Strong Wyatt,3.90728841551,5 Strong Wyatt,0.59749800527,5 Strong Wyatt,1.26263726885,5 Strong Wyatt,10.80002472297,5 Strong Wyatt,2.82212116878,5 Strong Wyatt,4.12364446315,5 Strong Wyatt,5.12898115369,5 Strong Wyatt,5.37478221739,5 Strong Wyatt,97.39894487402,5 Strong Wyatt,1.25577342813,5 Strong Wyatt,1.71781459577,5 Strong Wyatt,98.34133433807,5 Strong Wyatt,2.5182178766,5 Strong Wyatt,99.59179208511,5 Strong Wyatt,0.59749378932,5 Strong Wyatt,5.7624548607,5 Strong Wyatt,26.78255303407,5 Strong Wyatt,0.87188688437,5 Strong Wyatt,67.1693896490,5 Strong Wyatt,0.77463482827,5 Strong Wyatt,0.61648611732,5 Strong Wyatt,75.77483233935,5 Strong Wyatt,1.04807246471,5 Strong Wyatt,0.61648679795,5 Strong Wyatt,81.44186295911,5 Strong Wyatt,0.90253604578,5 Strong Wyatt,11.12305134683,5 Strong Wyatt,97.12364220025,5 Strong Wyatt,10.72527128785,5 Strong Wyatt,83.38335629652,5 Strong Wyatt,2.92155395232,5 Strong Wyatt,3.11907458237,5 Strong Wyatt,98.7806637644,5 Strong Wyatt,13.94022893623,5 Strong Wyatt,5.63108401942,5 Strong Wyatt,76.65593875281,5 Strong Wyatt,1.34275585635,5 Strong Wyatt,90.92876423858,5 Strong Wyatt,1.09875556696,5 Strong Wyatt,0.63243115298,5 Strong Wyatt,97.66864854476,5 Strong Wyatt,0.78153697642,5 Strong Wyatt,5.50154246419,5 Strong Wyatt,97.57916774291,5 Strong Wyatt,79.96706426323,5 Strong Wyatt,55.65559278092,5 Strong Wyatt,12.43434497160,5 Strong Wyatt,98.40394528378,5 Strong Wyatt,6.18041545484,5 Strong Wyatt,3.91677585640,5 Strong Wyatt,1.71781216007,5 Strong Wyatt,7.65589312612,5 Strong Wyatt,81.07008589381,5 Strong Wyatt,1.34275797249,5 Strong Wyatt,2.87508240439,5 Strong Wyatt,1.57909372447,5 Strong Wyatt,2.72193568197,5 Strong Wyatt,3.51401514077,5 Strong Wyatt,97.97477791152,5 Strong Wyatt,1.052307992,5 Strong Wyatt,98.98554100991,5 Strong Wyatt,1.4272263516,5 Strong Wyatt,1.06526364055,5 Strong Wyatt,0.78153801432,5 Strong Wyatt,18.38667613901,5 Strong Wyatt,2.41395710797,5 Strong Wyatt,88.58908847473,5 Strong Wyatt,98.05034578643,5 Strong Wyatt,20.19646666623,5 Strong Wyatt,0.59749632030,5 Strong Wyatt,2.41395848158,5 Strong Wyatt,5.12898322784,5 Strong Wyatt,87.32807552837,5 Strong Wyatt,1.25577752664,5 Strong Wyatt,74.68569823460,5 Strong Wyatt,66.26469737384,5 Strong Wyatt,2.41395559669,5 Strong Wyatt,3.61363779259,5 Strong Wyatt,3.11907160448,5 Strong Wyatt,4.55306577889,5 Strong Wyatt,2.14854496149,5 Strong Wyatt,1.84707377079,5 Strong Wyatt,2.086705940,5 Strong Wyatt,4.01965210688,5 Strong Wyatt,1.84707765505,5 Strong Wyatt,4.01965342103,5 Strong Wyatt,2.19847357004,5 Strong Wyatt,22.39571421668,5 Strong Wyatt,6.4764148279,5 Strong Wyatt,39.13116555319,5 Strong Wyatt,1.22196360746,5 Strong Wyatt,3.61363532009,5 Strong Wyatt,0.63243592764,5 Strong Wyatt,4.01965423469,5 Strong Wyatt,12.59535646376,5 Strong Wyatt,(null)176163,5 Strong Wyatt,3.02046662735,5 Strong Wyatt,2.41395558734,5 Strong Wyatt,1.71781871353,5 Strong Wyatt,94.872321697,5 Strong Wyatt,1.4272474167,5 Strong Wyatt,5.12898686929,5 Strong Wyatt,0.95014678263,5 Strong Wyatt,1.35351683574,5 Strong Wyatt,4.44345585650,5 Strong Wyatt,3.91677520930,5 Strong Wyatt,75.9276189578,5 Strong Wyatt,1.14778750004,5 Strong Wyatt,1.57909141823,5 Strong Wyatt,13.94022889535,5 Strong Wyatt,1.57909435944,5 Strong Wyatt,1.4272321722,5 Strong Wyatt,1.052766839,5 Strong Wyatt,1.08213477676,5 Strong Wyatt,6.03805469974,5 Strong Wyatt,86.15187691825,5 Strong Wyatt,2.82212673461,5 Strong Wyatt,17.59538327703,5 Strong Wyatt,40.26873547211,5 Strong Wyatt,30.85444307080,5 Strong Wyatt,1.052387089,5 Strong Wyatt,1.57301898840,5 Strong Wyatt,14.98919205727,5 Strong Wyatt,72.90732695633,5 Strong Wyatt,93.50485124215,5 Strong Wyatt,13.46448626473,5 Strong Wyatt,4.12364838559,5 Strong Wyatt,5.25064249163,5 Strong Wyatt,1.57909233780,5 Strong Wyatt,66.03515487618,5 Strong Wyatt,4.33543878481,5 Strong Wyatt,98.88703146227,5 Strong Wyatt,2.72193465556,5 Strong Wyatt,91.42657890160,5 Strong Wyatt,2.62073362172,5 Strong Wyatt,32.69865109568,5 Strong Wyatt,0.59749483135,5 Strong Wyatt,14.44731512045,5 Strong Wyatt,33.42592781913,5 Strong Wyatt,5.50154459675,5 Strong Wyatt,99.11965165573,5 Strong Wyatt,2.40422259724,5 Strong Wyatt,28.66811531780,5 Strong Wyatt,10.19845664118,5 Strong Wyatt,15.56987162482,5 Strong Wyatt,23.68603899882,5 Strong Wyatt,11.12305879893,5 Strong Wyatt,6.4764393283,5 Strong Wyatt,3.45091270865,5 Strong Wyatt,0.97328322525,5 Strong Wyatt,10.80002477743,5 Strong Wyatt,51.20758647778,5 Strong Wyatt,94.23366762297,5 Strong Wyatt,87.70099210539,5 Strong Wyatt,0.59749336402,5 Strong Wyatt,3.21757789815,5 Strong Wyatt,92.40228352242,5 Strong Wyatt,0.63243777693,5 Strong Wyatt,30.6764734301,5 Strong Wyatt,3.31612380852,5 Strong Wyatt,0.77463290617,5 Strong Wyatt,40.26873461788,5 Strong Wyatt,14.44731686471,5 Strong Wyatt,90.38386244131,5 Strong Wyatt,94.25119380735,5 Strong Wyatt,51.20758440335,5 Strong Wyatt,2.5182366312,5 Strong Wyatt,5.25064455417,5 Strong Wyatt,51.20758318803,5 Strong Wyatt,2.72193466992,5 Strong Wyatt,0.56757767214,5 Strong Wyatt,7.65589839122,5 Strong Wyatt,1.89115888741,5 Strong Wyatt,16.86704198232,5 Strong Wyatt,4.22886443179,5 Strong Wyatt,0.78153481108,5 Strong Wyatt,6.63045677613,5 Strong Wyatt,66.4686561996,5 Strong Wyatt,0.6749571325,5 Strong Wyatt,7.1198534804,5 Strong Wyatt,60.36929859287,5 Strong Wyatt,4.89253450524,5 Strong Wyatt,90.42198823660,5 Strong Wyatt,6.95189822708,5 Strong Wyatt,2.086131296,5 Strong Wyatt,12.19701399670,5 Strong Wyatt,1.25577463553,5 Strong Wyatt,6.95189435975,5 Strong Wyatt,30.85444309893,5 Strong Wyatt,5.12898207800,5 Strong Wyatt,0.58523606449,5 Strong Wyatt,96.21324580875,5 Strong Wyatt,9.64905871553,5 Strong Wyatt,21.23947556990,5 Strong Wyatt,1.96926325303,5 Strong Wyatt,10.49221259473,5 Strong Wyatt,60.20366542157,5 Strong Wyatt,11.46257549413,5 Strong Wyatt,17.59538378568,5 Strong Wyatt,1.4272307698,5 Strong Wyatt,6.32646598566,5 Strong Wyatt,1.48267676734,5 Strong Wyatt,0.73079366518,5 Strong Wyatt,80.00767720822,5 Strong Wyatt,7.29289875757,5 Strong Wyatt,14.71135154091,5 Strong Wyatt,15.37208712454,5 Strong Wyatt,51.20758375288,5 Strong Wyatt,77.38348458068,5 Strong Wyatt,1.4272436560,5 Strong Wyatt,1.93596353601,5 Strong Wyatt,96.8258107667,5 Strong Wyatt,33.42592824454,5 Strong Wyatt,0.83302170666,5 Strong Wyatt,5.25064316068,5 Strong Wyatt,4.77747401489,5 Strong Wyatt,1.57909191856,5 Strong Wyatt,1.4272852905,5 Strong Wyatt,11.12305605263,5 Strong Wyatt,6.78886479037,5 Strong Wyatt,9.64905567245,5 Strong Wyatt,68.34478301264,5 Strong Wyatt,1.44075755998,5 Strong Wyatt,6.18041279682,5 Strong Wyatt,99.403357848,5 Strong Wyatt,23.68603854485,5 Strong Wyatt,11.82002634533,5 Strong Wyatt,3.91677578098,5 Strong Wyatt,2.086472036,5 Strong Wyatt,23.68603833039,5 Strong Wyatt,88.60934269828,5 Strong Wyatt,2.96051740833,5 Strong Wyatt,1.57909783010,5 Strong Wyatt,8.04369614109,5 Strong Wyatt,1.7385129295,5 Strong Wyatt,5.76357754592,5 Strong Wyatt,5.04331302896,5 Strong Wyatt,5.50154607909,5 Strong Wyatt,7.1198879464,5 Strong Wyatt,80.04916236334,5 Strong Wyatt,67.21874291341,5 Strong Wyatt,1.01467507111,5 Strong Wyatt,3.41488716142,5 Strong Wyatt,0.58523186440,5 Strong Wyatt,5.21849755024,5 Strong Wyatt,16.86704309320,5 Strong Wyatt,26.78255246030,5 Strong Wyatt,23.13396788056,5 Strong Wyatt,82.46362862089,5 Strong Wyatt,1.052178090,5 Strong Wyatt,20.19646823693,5 Strong Wyatt,8.2479681051,5 Strong Wyatt,95.0067262680,5 Strong Wyatt,0.78153737129,5 Strong Wyatt,1.84707475542,5 Strong Wyatt,2.02275828216,5 Strong Wyatt,5.63108383708,5 Strong Wyatt,69.88513332172,5 Strong Wyatt,20.19646528949,5 Strong Wyatt,53.72997564292,5 Strong Wyatt,1.09875174029,5 Strong Wyatt,1.25577843623,5 Strong Wyatt,8.2479816704,5 Strong Wyatt,93.28168716677,5 Strong Wyatt,99.403401190,5 Strong Wyatt,1.36731410167,5 Strong Wyatt,26.78255285142,5 Strong Wyatt,1.71781412749,5 Strong Wyatt,1.71781365924,5 Strong Wyatt,1.57909297182,5 Strong Wyatt,2.41395578593,5 Strong Wyatt,2.62073188264,5 Strong Wyatt,1.96926176559,5 Strong Wyatt,93.98399408582,5 Strong Wyatt,1.57909203308,5 Strong Wyatt,30.85444430193,5 Strong Wyatt,8.37264789644,5 Strong Wyatt,0.83302889985,5 Strong Wyatt,84.64814468320,5 Strong Wyatt,0.78153526483,5 Strong Wyatt,1.57909506368,5 Strong Wyatt,13.46448331053,5 Strong Wyatt,0.59749114273,5 Strong Wyatt,0.62469159640,5 Strong Wyatt,11.46257126840,5 Strong Wyatt,98.93471746337,5 Strong Wyatt,95.91199783677,5 Strong Wyatt,16.86704137913,5 Strong Wyatt,3.71388592970,5 Strong Wyatt,1.4272720501,5 Strong Wyatt,6.18041558994,5 Strong Wyatt,0.63986311347,5 Strong Wyatt,11.46257642398,5 Strong Wyatt,3.09072262628,5 Strong Wyatt,1.052787975,5 Strong Wyatt,3.91677807134,5 Strong Wyatt,0.66802226382,5 Strong Wyatt,0.70245383294,5 Strong Wyatt,1.44075351424,5 Strong Wyatt,28.66811661555,5 Strong Wyatt,5.25064235143,5 Strong Wyatt,4.97411805279,5 Strong Wyatt,1.4272511025,5 Strong Wyatt,1.052819489,5 Strong Wyatt,1.052104772,5 Strong Wyatt,0.59749704591,5 Strong Wyatt,2.30756719860,5 Strong Wyatt,23.68603464773,5 Strong Wyatt,2.62073149786,5 Strong Wyatt,2.82212465847,5 Strong Wyatt,14.44731162201,5 Strong Wyatt,0.58523357629,5 Strong Wyatt,1.13152867433,5 Strong Wyatt,80.74753795869,5 Strong Wyatt,99.59179751819,5 Strong Wyatt,11.12305109155,5 Strong Wyatt,1.84707572584,5 Strong Wyatt,10.80002375898,5 Strong Wyatt,2.30756638296,5 Strong Wyatt,1.46251552248,5 Strong Wyatt,9.64905136493,5 Strong Wyatt,72.90732654938,5 Strong Wyatt,9.91771688753,5 Strong Wyatt,7.47147659864,5 Strong Wyatt,4.77747245099,5 Strong Wyatt,4.44345572075,5 Strong Wyatt,1.96926622029,5 Strong Wyatt,3.11907210219,5 Strong Wyatt,4.12364436519,5 Strong Wyatt,2.122275837,5 Strong Wyatt,40.67428480191,5 Strong Wyatt,0.56757434634,5 Strong Wyatt,5.1015264284,5 Strong Wyatt,6.95189802293,5 Strong Wyatt,1.08063879971,5 Strong Wyatt,3.2799632516,5 Strong Wyatt,85.4083645043,5 Strong Wyatt,1.05849316892,5 Strong Wyatt,0.59749589182,5 Strong Wyatt,40.26873466473,5 Strong Wyatt,98.37627301544,5 Strong Wyatt,94.2955672788,5 Strong Wyatt,4.12364847998,5 Strong Wyatt,1.84707279932,5 Strong Wyatt,1.57909673309,5 Strong Wyatt,7.8465789002,5 Strong Wyatt,3.38823662069,5 Strong Wyatt,6.32646510212,5 Strong Wyatt,25.1369642294,5 Strong Wyatt,16.64762819219,5 Strong Wyatt,76.17422795442,5 Strong Wyatt,40.26873894940,5 Strong Wyatt,8.67922578877,5 Strong Wyatt,40.26873799187,5 Strong Wyatt,4.01965168631,5 Strong Wyatt,30.85444635843,5 Strong Wyatt,(null)391940,5 Strong Wyatt,1.4272775486,5 Strong Wyatt,91.11023387808,5 Strong Wyatt,4.55306436250,5 Strong Wyatt,5.18148883240,5 Strong Wyatt,9.64905754198,5 Strong Wyatt,96.24464481620,5 Strong Wyatt,14.44731121548,5 Strong Wyatt,99.37595708586,5 Strong Wyatt,1.64025381657,5 Strong Wyatt,1.57909186949,5 Strong Wyatt,22.39571798815,5 Strong Wyatt,20.19646740559,5 Strong Wyatt,1.96926781275,5 Strong Wyatt,2.62073315754,5 Strong Wyatt,5.37478732150,5 Strong Wyatt,5.37478295065,5 Strong Wyatt,0.61648318989,5 Strong Wyatt,21.23947203203,5 Strong Wyatt,3.61363724537,5 Strong Wyatt,99.2518137401,5 Strong Wyatt,1.57909792728,5 Strong Wyatt,(null)690903,5 Strong Wyatt,6.32646894164,5 Strong Wyatt,1.96926684722,5 Strong Wyatt,2.06512852079,5 Strong Wyatt,86.30858210363,5 Strong Wyatt,0.6749599572,5 Strong Wyatt,0.64708696976,5 Strong Wyatt,1.052585113,5 Strong Wyatt,92.99046185469,5 Strong Wyatt,4.87524802508,5 Strong Wyatt,6.32646739902,5 Strong Wyatt,2.82212785059,5 Strong Wyatt,0.87188441544,5 Strong Wyatt,4.77747694036,5 Strong Wyatt,1.052463989,5 Strong Wyatt,1.25577381930,5 Strong Wyatt,8.04369362796,5 Strong Wyatt,10.49221367059,5 Strong Wyatt,96.092617703,5 Strong Wyatt,21.33259191526,5 Strong Wyatt,97.30869498659,5 Strong Wyatt,99.48652499815,5 Strong Wyatt,3.81488302481,5 Strong Wyatt,15.28125350597,5 Strong Wyatt,2.19847168800,5 Strong Wyatt,35.77298651149,5 Strong Wyatt,3.02046778705,5 Strong Wyatt,0.62469197283,5 Strong Wyatt,1.71211198758,5 Strong Wyatt,3.91677842835,5 Strong Wyatt,0.78153880415,5 Strong Wyatt,1.57909310353,5 Strong Wyatt,1.25577536082,5 Strong Wyatt,0.78153792103,5 Strong Wyatt,1.71781573404,5 Strong Wyatt,2.62073264434,5 Strong Wyatt,0.77463465144,5 Strong Wyatt,1.57909137730,5 Strong Wyatt,2.30756407555,5 Strong Wyatt,70.71528726527,5 Strong Wyatt,11.46257500664,5 Strong Wyatt,1.40436567333,5 Strong Wyatt,1.84707316523,5 Strong Wyatt,8.2479840274,5 Strong Wyatt,3.28063107443,5 Strong Wyatt,30.85444888705,5 Strong Wyatt,55.80963415992,5 Strong Wyatt,1.71781344520,5 Strong Wyatt,16.194565350,5 Strong Wyatt,12.59535163124,5 Strong Wyatt,1.25577425765,5 Strong Wyatt,2.086265554,5 Strong Wyatt,40.26873851035,5 Strong Wyatt,6.78886212367,5 Strong Wyatt,59.79616187369,5 Strong Wyatt,2.92235578077,5 Strong Wyatt,94.39696737220,5 Strong Wyatt,1.24323547275,5 Strong Wyatt,8.90736382540,5 Strong Wyatt,1.4272445377,5 Strong Wyatt,1.57909517340,5 Strong Wyatt,6.32646634352,5 Strong Wyatt,61.94576267865,5 Strong Wyatt,99.403221922,5 Strong Wyatt,97.57916742771,5 Strong Wyatt,6.63045269779,5 Strong Wyatt,1.052226293,5 Strong Wyatt,59.79616411466,5 Strong Wyatt,0.56757632149,5 Strong Wyatt,72.92886394170,5 Strong Wyatt,1.51487443965,5 Strong Wyatt,3.02046503911,5 Strong Wyatt,4.55306550020,5 Strong Wyatt,82.49499234051,5 Strong Wyatt,25.1369337226,5 Strong Wyatt,1.71781720251,5 Strong Wyatt,7.1198152830,5 Strong Wyatt,(null)131751,5 Strong Wyatt,1.71781548534,5 Strong Wyatt,0.87188123944,5 Strong Wyatt,0.97328350920,5 Strong Wyatt,59.15192700979,5 Strong Wyatt,7.29289682238,5 Strong Wyatt,15.42589801880,5 Strong Wyatt,86.25931484769,5 Strong Wyatt,3.41488145051,5 Strong Wyatt,1.96926819423,5 Strong Wyatt,1.052140732,5 Strong Wyatt,0.59749597118,5 Strong Wyatt,11.82002875926,5 Strong Wyatt,3.51082322376,5 Strong Wyatt,6.95189104204,5 Strong Wyatt,99.4295201737,5 Strong Wyatt,6.4764700651,5 Strong Wyatt,36.50364533921,5 Strong Wyatt,4.33543292430,5 Strong Wyatt,2.41395294863,5 Strong Wyatt,0.56757630951,5 Strong Wyatt,8.04369505668,5 Strong Wyatt,64.3082791930,5 Strong Wyatt,1.08063418672,5 Strong Wyatt,97.7939614473,5 Strong Wyatt,0.63986360317,5 Strong Wyatt,3.21757552769,5 Strong Wyatt,2.19847312123,5 Strong Wyatt,5.50154275181,5 Strong Wyatt,4.87524257226,5 Strong Wyatt,88.03223149229,5 Strong Wyatt,2.086369261,5 Strong Wyatt,53.51662756956,5 Strong Wyatt,45.00752868223,5 Strong Wyatt,1.48267380751,5 Strong Wyatt,2.25858715299,5 Strong Wyatt,(null)694628,5 Strong Wyatt,27.80061299589,5 Strong Wyatt,72.27563165118,5 Strong Wyatt,5.12898803568,5 Strong Wyatt,8.04369677026,5 Strong Wyatt,3.81488426348,5 Strong Wyatt,1.25577341210,5 Strong Wyatt,46.64632767317,5 Strong Wyatt,1.052437948,5 Strong Wyatt,1.25577398486,5 Strong Wyatt,8.04369460330,5 Strong Wyatt,0.63243893198,5 Strong Wyatt,12.59535883720,5 Strong Wyatt,9.91771556678,5 Strong Wyatt,3.41488546837,5 Strong Wyatt,1.26263247374,5 Strong Wyatt,6.95189462708,5 Strong Wyatt,94.05209687,5 Strong Wyatt,30.85444367327,5 Strong Wyatt,45.00752543330,5 Strong Wyatt,5.00965678423,5 Strong Wyatt,0.78153175147,5 Strong Wyatt,1.71781739340,5 Strong Wyatt,1.24323625630,5 Strong Wyatt,0.61648599384,5 Strong Wyatt,6.03805565053,5 Strong Wyatt,4.77747755773,5 Strong Wyatt,2.5182793477,5 Strong Wyatt,9.3916897662,5 Strong Wyatt,2.30756869757,5 Strong Wyatt,0.61648383063,5 Strong Wyatt,0.78153700885,5 Strong Wyatt,40.26873158599,5 Strong Wyatt,1.25577871794,5 Strong Wyatt,2.92155228612,5 Strong Wyatt,80.07668496260,5 Strong Wyatt,0.95193287181,5 Strong Wyatt,1.4272389477,5 Strong Wyatt,5.63108716169,5 Strong Wyatt,98.98332406877,5 Strong Wyatt,0.61648104530,5 Strong Wyatt,3.31612367661,5 Strong Wyatt,2.30756294105,5 Strong Wyatt,99.54659538465,5 Strong Wyatt,19.37506763501,5 Strong Wyatt,11.46257768786,5 Strong Wyatt,0.75296292588,5 Strong Wyatt,6.32646187070,5 Strong Wyatt,3.11907119993,5 Strong Wyatt,5.50154777100,5 Strong Wyatt,1.57909147546,5 Strong Wyatt,98.60147438991,5 Strong Wyatt,0.59749378092,5 Strong Wyatt,0.59749488276,5 Strong Wyatt,96.76492899531,5 Strong Wyatt,2.19847236429,6 Other,35.02051155845,6 Other,89.83106281967,6 Other,78.81981118941,6 Other,65.66618887842,6 Other,0.75296447576,6 Other,71.80007126639,6 Other,31.63208773320,6 Other,91.47518646420,6 Other,48.53569892975,6 Other,10.31555444131,6 Other,34.31234193588,6 Other,2.96724757531,6 Other,76.94503589037,6 Other,4.22336291443,6 Other,44.71587402764,6 Other,73.88649818170,6 Other,98.7806682459,6 Other,84.50718286206,7 Not Voting,96.95011374823,7 Not Voting,57.47277838832,7 Not Voting,97.21333877903,7 Not Voting,95.25368861464,7 Not Voting,94.00088171242,7 Not Voting,69.45826250705,7 Not Voting,95.60448832147,7 Not Voting,88.20467418316,7 Not Voting,74.61552563202,7 Not Voting,93.17384743948,7 Not Voting,97.19095413218,7 Not Voting,63.32437101456,7 Not Voting,86.45844181390,7 Not Voting,80.63184707253,7 Not Voting,73.23676823966,7 Not Voting,(null)636534,7 Not Voting,(null)153751,7 Not Voting,98.67853505624,7 Not Voting,99.2518309204,7 Not Voting,74.79634314507,7 Not Voting,58.52265239946,7 Not Voting,76.59557773757,7 Not Voting,73.04043772176,7 Not Voting,92.7841620631,7 Not Voting,71.20508257354,7 Not Voting,96.97478320677,7 Not Voting,(null)709926,7 Not Voting,90.80048307470,7 Not Voting,90.70947319034,7 Not Voting,77.95227823912,7 Not Voting,94.67676